20.0
40.01249804748511
59.033888572581766
77.23341245859851
92.39588735436226
104.9952379872535
115.83609109426992
127.00393694685216
140.73023839957068
149.164338901763
152.8201557386983
151.64761785138597
148.92951352905172
146.5639792036229
145.16886718577092
144.34680460612904
19.1049731745428
34.40930106817051
49.24428900898052
63.324560795950255
76.6550715869472
95.33624704172071
110.54863183232979
123.68508398347798
137.44089638822936
145.03103116229988
86.05230967266364
88.45903006477066
92.65527507918802
98.84331034521254
82.80096617793781
92.0869154657707
99.85990186255943
106.17438485811914
111.8257573191436
29.017236257093817
39.11521443121589
50.039984012787215
59.07622195096772
49.36598018878993
38.3275357934736
101.24228365658294
112.01785571952357
122.06555615733703
129.31357237351384
122.58874336577564
112.53888216967503
91.26883367283708
94.36630754670864
101.86265262597475
109.04127658827184
114.63420083029322
124.2014492669067
131.40015220691336
128.3160161476345
122.34786471369249
116.04309544302927
110.75197515168747
101.25709851659784
94.04786015641186
107.56393447619885
113.84638773364749
119.6703806294607
128.06248474865697
115.10864433221339
108.97706180660222
102.53292154230269
20.024984394500787
39.05124837953327
57.3149195236284
72.78049189171504
86.16263691415206
98.47842403288143
111.75866856758807
127.1416532848303
137.2953021774598
142.66744548074027
143.37712509323097
142.61837188805654
142.41137595009747
143.0873858870865
144.34680460612904
35.84689665786984
48.82622246293481
60.207972893961475
71.34423592694787
81.70679286326198
99.04039579888602
114.28473213863697
127.34991166074674
140.46351839534705
146.81280598094978
87.66413177577246
87.09190547921202
88.45903006477066
91.92388155425118
72.49827584156743
82.46211251235322
90.62008607367353
97.73944955850733
104.04326023342406
34.66987164671943
45.27692569068709
54.62600113499065
61.40032573203501
50.96076922496363
40.85339643163099
101.83319694480774
113.43720729989786
123.0447073221762
129.46814279968643
122.2620137246234
112.36102527122117
75.16648189186454
80.15609770940699
89.30845424706443
96.79876032264049
103.4456378974
113.25193155085701
120.44085685513866
116.21101496846157
109.40292500660117
102.30347012687302
96.26006440887103
85.63293758829018
78.5175139698144
93.86160024205851
100.80178569846865
107.33592129385204
116.61903789690601
103.58571330062848
96.51942809610924
89.40357934669059
19.026297590440446
37.33630940518894
53.16013544000805
67.53517601961218
81.68843247363729
97.45255255764212
114.58621208504974
126.57408897558773
133.79461872586654
136.56500283747664
137.93114224133723
140.0
142.79005567615695
146.11296999240005
54.57105459856901
65.79513659838392
74.4043009509531
82.75868534480233
90.13878188659973
105.54619841567009
120.34118164618461
133.01503674397117
145.24806367039804
150.28306624500314
92.70382947861431
89.28605714219886
87.69264507357501
88.05112151472007
65.76473218982953
75.95393340703298
84.17244204607586
91.92388155425118
98.73196037757987
48.010415536631214
57.38466694161429
64.53681120105021
68.79680225126747
58.82176467941097
50.93132631298737
105.30432089900205
117.32433677630571
126.24183141890805
131.70041761513136
124.19742348374221
114.72575996697516
60.60528029800704
68.0
78.92401408950256
86.53900854527974
94.2443632266673
104.06248123122954
111.07204868912791
105.60303025955268
97.94896630388705
90.0499861188218
83.21658488546619
71.40028011149536
64.63745044476924
81.88406438373708
89.44271909999159
96.66436778875658
106.77546534667971
93.98404119849285
86.00581375697809
78.29431652425353
18.439088914585774
34.92849839314596
50.80354318352215
67.35725647619564
85.95929269136641
104.78549517943789
118.59595271340417
127.67536959022284
132.54433220624713
136.03308421115798
140.29255147726127
145.04137340772803
150.2165104108067
72.99315036357864
83.16850365372699
89.94442728707543
96.21330469326995
101.17806086301516
114.62111498323509
128.70120434556935
140.80127840328723
152.0690632574555
155.8621185535472
100.9554357129917
95.25754563287887
91.0823802938856
88.45903006477066
64.6297145282261
74.33034373659252
82.15229759416349
90.19977827023745
97.25224933131366
63.97655820689325
72.20110802473879
77.62087348130012
79.90619500389191
70.83784299369935
64.89992295835181
111.8257573191436
123.89108119634763
132.00378782444085
136.48809471891678
128.87590930814028
120.01666550941998
50.32891812864648
60.41522986797286
72.83543093852057
80.23091673413684
88.81441324469807
98.3107318658548
104.92378186092989
98.2344135219425
89.8443097808648
81.27115109311545
73.7360156233031
60.92618484691127
55.02726596879042
73.76313442364011
81.74350127074322
89.49860334105779
100.22474744293447
88.11923740024082
79.42921376924235
71.386273190299
17.204650534085253
34.713109915419565
53.71219600798314
74.94664769020693
95.0789145920377
110.47624178980746
121.26417442921878
128.14054783713078
133.6600164596728
139.97856978837868
146.53668482670133
153.40469353966978
90.35485598461214
99.46356116689167
104.546640309481
108.90821823902914
111.66467659918243
123.0690862889621
136.23509092741122
147.61097520171052
157.8131806916013
160.37767924496225
108.97706180660222
101.40019723846694
95.01578816175763
89.69392398596462
65.79513659838392
74.33034373659252
81.32035415564789
89.28605714219886
96.30160954002794
79.40403012442127
86.53900854527974
90.4267659490264
91.02197536858887
83.00602387778854
78.79086241436883
118.00423721205946
129.84991336154215
137.05838172107534
140.54536634126364
132.9699214108213
124.86793023030373
43.0
55.226805085936306
68.3593446428504
75.1065909225016
84.2140130857092
93.02150289046077
99.02019995940222
91.26883367283708
82.38931969618392
73.43704787094863
65.49045732013177
52.3450093132096
48.0
67.02984409947557
75.05997601918082
83.05419917138447
94.04786015641186
83.09632964216891
74.06078584514209
66.12110101926616
18.35755975068582
38.897300677553446
61.814237842102365
82.60750571225353
99.08077512817509
111.16204388189342
119.68291440301745
126.92123541787639
135.00370365289984
143.1258187749506
151.47607071745688
104.01922899156675
111.64676439557037
114.72575996697516
117.0
117.47765745025733
126.65701717630967
138.70832707519762
149.21461054467824
158.25612152457168
159.6151621870554
112.44554237496477
103.27632836231156
95.01578816175763
87.36704184073076
64.66065264130884
71.56116265125938
77.41446893184762
84.970583144992
91.706052144883
90.93404203047393
96.77293009927931
99.02019995940222
97.94386147176351
91.18113840043894
88.76936408468859
119.50313803411188
130.9083648969767
137.13132391981054
139.61733416735902
132.20060514233663
124.96399481450646
35.84689665786984
48.84669896727925
61.68468205316454
67.446274915669
76.6550715869472
84.52810183601665
89.80534505250787
81.30190649671138
72.24956747275377
63.28506932918696
55.326304774492215
42.7551166528639
40.496913462633174
58.249463516842795
65.92419889539804
73.824115301167
84.71717653463199
75.18643494673756
66.21933252457322
58.82176467941097
21.213203435596427
45.0111097397076
66.007575322837
83.15046602394962
96.17692030835673
106.04244433244644
114.76933388322858
124.42266674525185
133.96268137059664
143.68020044529447
114.42464769445436
120.06664815842908
120.70211265756701
120.5404496424333
118.4736257569591
125.03199590504823
135.66502865514016
145.08618128546908
152.7939789389621
152.89865924853626
111.01801655587259
100.40418317978589
90.4267659490264
80.61017305526642
60.4648658313239
65.11528238439882
69.42621983083913
76.21679604916491
82.41965784932621
99.04544411531506
103.23759005323593
103.57605900979242
100.68763578513501
95.524865872714
95.1892851112981
115.80155439371269
126.50691680694776
131.59027319676784
133.00375934536586
125.8729518204765
119.6703806294607
28.600699292150182
40.311288741492746
51.61395160225576
55.94640292279746
64.8459713474939
71.5122367151245
75.96051605933177
66.94027188471824
57.97413216254298
49.33558553417604
41.78516483155236
31.064449134018133
31.827660925679098
46.06517122512408
52.92447448959697
60.40695324215582
70.8801805866774
63.071388124885914
54.589376255824725
48.25971404805462
24.08318915758459
45.044422518220834
62.51399843235114
76.15773105863909
87.09190547921202
97.12878049270464
108.2266141020775
119.09659944767525
130.11533345459327
122.38055401083949
125.51493934986385
123.25988804148737
120.26637102698326
115.31695452100702
118.68024266911489
127.45587471748802
135.4843164355196
141.60508465447137
140.356688476182
105.30432089900205
93.40770846134703
81.85963596303125
69.9714227381436
54.57105459856901
55.94640292279746
57.982756057296896
63.41135544995076
68.6804193347711
104.78549517943789
106.92053123698928
105.04284840006957
100.17983829094555
97.082439194738
99.14131328563285
107.33126291998991
116.9700816448377
120.6731121667126
120.88010589009261
114.20157617125956
109.29318368498559
26.30589287593181
32.01562118716424
39.11521443121589
41.036569057366385
48.91829923454004
53.85164807134504
57.271284253105414
47.92702786528704
39.35733730830886
31.622776601683793
25.45584412271571
20.615528128088304
26.019223662515376
31.240998703626616
36.235341863986875
42.720018726587654
52.32590180780452
46.861498055439924
39.6232255123179
35.510561809129406
21.0
38.47076812334269
52.49761899362675
64.41273166075166
75.8023746329889
88.41379982785493
100.65783625729296
113.00442469213318
130.24976007655445
130.5450113945378
125.15989773086265
119.07980517283357
111.00450441310929
110.47624178980746
116.76043850551436
122.93087488503447
127.05904139414872
124.25779653607253
98.41239759298622
85.58621384311844
72.83543093852057
59.22837157984339
52.172789842982326
49.01020301937138
47.51841748206689
50.28916384272063
53.71219600798314
110.92339699089638
110.72488428533127
106.48004507887852
99.6393496566492
99.04039579888602
103.61949623502326
97.01546268507923
105.00476179678711
106.92988356862641
105.67875850898325
99.72963451251589
96.56603957913983
36.87817782917155
33.12099032335839
31.144823004794873
28.284271247461902
32.69556544854363
34.058772731852805
35.608987629529715
26.248809496813376
19.4164878389476
16.1245154965971
17.08800749063506
26.1725046566048
33.24154027718932
22.360679774997898
21.37755832643195
24.186773244895647
31.144823004794873
30.463092423455635
27.16615541441225
28.442925306655784
18.027756377319946
33.12099032335839
46.861498055439924
60.207972893961475
74.63243262818116
88.32326986700618
101.96568050084302
141.60508465447137
139.7891269019161
132.09844813622905
123.664869708418
113.1591799192624
109.04127658827184
112.64102272262978
116.70903992407786
118.59595271340417
114.12712210513327
98.73196037757987
85.70880934886448
72.69112738154499
58.69412236331676
60.207972893961475
53.71219600798314
49.040799340956916
48.373546489791295
49.01020301937138
121.49485585818027
119.57006314291216
113.63538181394033
105.47511554864494
106.89246933250256
113.20777358467925
94.04786015641186
99.98499887483122
99.92497185388645
97.082439194738
92.17917335276988
91.0823802938856
54.56189146281496
47.01063709417264
39.20459156782532
32.7566787083184
31.04834939252005
26.019223662515376
23.08679276123039
17.029386365926403
18.867962264113206
24.839484696748443
31.38470965295043
43.86342439892262
50.11985634456667
33.301651610693426
27.018512172212592
22.847319317591726
21.095023109728988
29.410882339705484
32.449961479175904
38.2099463490856
15.620499351813308
30.610455730027933
45.27692569068709
60.83584469702052
75.39230729988306
89.81091247727082
147.8681845428556
144.20124826089406
134.6291201783626
124.33824833895642
112.00892821556681
104.92378186092989
106.1178590059185
108.29589096544707
108.25894882179486
102.48902380255166
96.46242791885346
83.81527307120105
71.30918594402827
58.137767414994535
66.52818951391959
58.05170109479997
51.40038910358559
47.885279575251516
45.880278987817846
127.40486646906389
124.01612798341996
116.76472069936193
107.70329614269008
110.80162453682708
118.44407963254221
89.10667763978185
93.04837451562494
91.26883367283708
87.13208364316786
83.2946576918352
84.0535543567314
68.41052550594829
58.69412236331676
48.02082881417188
40.496913462633174
34.655446902326915
25.612496949731394
18.867962264113206
21.095023109728988
28.792360097775937
37.36308338453881
45.12205669071391
58.249463516842795
63.60031446463138
44.94441010848846
37.16180835212409
30.01666203960727
21.213203435596427
34.058772731852805
40.8166632639171
48.30113870293329
15.652475842498529
31.016124838541646
47.12748667179272
62.0966987850401
76.90253571892151
149.57606760441325
144.31216164966833
133.22537295875736
121.49074038789952
107.82393055347222
98.35141076771599
97.49358953285082
98.08159868191383
96.51942809610924
89.82204629154248
91.67878707749138
79.75587752636166
68.24221567329127
56.639209034025185
70.32780389006896
60.74537019394976
53.009433122794285
47.4236228055175
43.278170016764804
129.07362240210043
124.45079348883236
116.18089343777659
106.5269918846862
111.01801655587259
119.6703806294607
82.21921916437786
84.34453153583817
81.15417426109393
76.02631123499285
73.17103251970687
75.50496672405067
78.40918313565064
67.26812023536856
55.08175741568164
47.53945729601885
39.56008088970496
29.732137494637012
22.80350850198276
30.01666203960727
39.0
48.0
56.0
69.02897942168927
73.43704787094863
54.3323108288245
46.2709412050371
38.3275357934736
27.459060435491963
39.84971769034255
48.27007354458868
56.293871780150276
15.524174696260024
31.78049716414141
46.87216658103186
61.814237842102365
146.47866738880444
139.70325694127536
127.28707711311466
114.33722053644648
99.62429422585637
88.10221336606703
85.44003745317531
84.71717653463199
82.05485969764375
74.81310045707235
83.23460818673925
72.34638899074369
62.289646009589745
53.0
71.16881339463234
61.032778078668514
52.81098370604357
45.69463863518345
39.824615503479755
126.19429464123962
120.42009799032718
111.28791488746656
101.23734488813898
107.00467279516349
116.49892703368559
72.00694410957877
72.42237223399962
68.06614430096654
62.20128616033595
60.207972893961475
63.90618123468183
85.21150157109074
73.00684899377592
60.00833275470999
53.03772242470448
44.0
35.22782990761707
30.083217912982647
39.21734310225516
48.08326112068523
56.753854494650845
64.53681120105021
76.94153624668537
80.22468448052632
61.5223536610881
53.75872022286245
45.89117562233506
35.17101079013795
45.044422518220834
54.08326913195984
62.03224967708329
16.278820596099706
31.400636936215164
46.389654018972806
141.90489773083945
133.70115930686615
120.10412149464314
106.10372283760829
90.55385138137417
77.10382610480494
72.61542535852834
70.61161377563892
67.00746227100382
59.413803110051795
74.24957912338628
64.81512169239521
56.824290580701486
50.695167422546305
72.24956747275377
62.12889826803627
54.037024344425184
46.09772228646444
39.20459156782532
122.09013064126027
115.24755962709145
105.39449701004318
95.13148795220224
102.08329931972223
112.25417586887359
61.40032573203501
59.93329625508679
54.405882034941776
47.853944456021594
46.8187996428785
51.97114584074513
91.44397191723465
78.64477096412705
65.5133574166368
59.481089431852205
50.28916384272063
43.382023926967726
40.22437072223753
49.64876634922564
57.8013840664737
65.7419196555744
73.00684899377592
84.43340571124678
86.58521813797087
68.9492567037528
61.84658438426491
54.56189146281496
44.94441010848846
51.86520991955976
60.728905802755904
68.15423684555495
15.132745950421556
30.14962686336267
137.6154061142865
127.94139283281233
113.20777358467925
98.22932352408826
82.00609733428362
66.48308055437865
59.682493245507096
55.97320787662612
51.15662224971465
43.18564576337837
66.2872536767062
59.09314681077663
54.12947441089743
52.08646657242167
75.66372975210778
66.09841147864296
58.69412236331676
50.695167422546305
43.68065933568311
118.59595271340417
110.69326989478628
100.22474744293447
89.96110270555825
98.08159868191383
108.78419002777932
51.85556864985669
47.80167361086848
40.70626487409524
33.24154027718932
33.83784863137726
41.012193308819754
99.16148445843275
86.16263691415206
73.40980860893181
68.47627326307996
59.682493245507096
54.67174773134658
53.075418038862395
62.22539674441618
69.52697318307479
76.60939890117922
83.21658488546619
93.47726996441435
94.54099639838793
78.39005038906404
72.11102550927978
65.60487786742691
57.28001396647874
61.587336360651285
69.83552104767315
76.48529270389177
15.033296378372908
134.48048185517482
123.4908903522847
107.83784122468327
92.13034245024816
75.59100475585703
58.249463516842795
48.83646178829912
42.941821107167776
36.49657518178932
28.071337695236398
61.09828148156051
56.71860364994893
55.14526271584895
56.92099788303083
80.95677859203639
72.2357252334328
65.7419196555744
58.180752831155424
51.62363799656123
116.49892703368559
107.70329614269008
96.84007434941384
86.83317338436964
95.90099061010788
106.88779163215975
45.69463863518345
38.600518131237564
29.698484809834994
21.2602916254693
24.698178070456937
34.0147027033899
107.42439201596628
94.51454914456292
82.37718130647589
78.40918313565064
70.178344238091
66.60330322138685
66.03029607687671
74.81310045707235
81.39410298049853
87.72684879784524
93.72299611087985
102.90286682109493
103.07764064044152
88.40814442120137
82.87943049997388
77.07788269017254
69.81403870282824
72.24956747275377
79.81227975693966
85.70297544426332
132.01893803541975
119.81652640600127
103.4456378974
87.28115489611719
70.8801805866774
52.20153254455275
39.96248240537617
31.144823004794873
22.135943621178654
13.038404810405298
58.42088667591412
57.3149195236284
59.135437767890075
64.1404708432983
87.65842800324451
79.92496481075234
74.4043009509531
67.47592163134935
61.554853586049575
115.35163631262454
105.80170130957252
94.76286192385707
85.28774824088158
95.08417323613851
106.1178590059185
43.104524124504614
32.984845004941285
22.80350850198276
15.033296378372908
22.090722034374522
32.01562118716424
116.2497311824849
103.60019305001319
92.19544457292888
89.09545442950498
81.46778504415104
79.05694150420949
79.25906888173743
87.66413177577246
93.60021367496978
99.24716620639605
104.66135867644753
112.80514172678478
112.2007130102122
99.00505037623081
94.17536832951598
89.02246907382428
82.68010643437755
83.6301381082203
90.50966799187809
95.67131231461184
15.652475842498529
31.78049716414141
47.16990566028302
62.07253821135398
81.15417426109393
96.02083107326243
109.0
123.01625908797584
131.38112497615478
73.7563556583431
78.54934754662193
85.0881895447306
93.60021367496978
81.68843247363729
89.8276126811795
96.89685237405806
102.17631819555841
107.00467279516349
20.518284528683193
26.92582403567252
37.64306044943742
47.75981574503821
39.824615503479755
30.0
89.26925562588724
99.14131328563285
109.32977636490436
117.08543888972702
110.85576214162258
100.89598604503551
96.56603957913983
97.12878049270464
102.41581909060729
109.01834707974616
113.27841806805037
122.34786471369249
129.40247292845683
127.66362050325849
122.80065146407001
117.5967686630887
113.37107214805724
105.60303025955268
98.48857801796105
109.29318368498559
114.62111498323509
119.47384651043926
126.66885963013956
114.10959644131601
109.20164833920778
103.73041983911952
17.0
33.13608305156178
49.03060268852505
68.06614430096654
82.49242389456137
95.25754563287887
109.37092849564732
118.2285921425101
62.39390995922599
69.1158447825099
77.46612162745726
87.69264507357501
79.64923100695951
86.53323061113575
92.80086206496145
97.082439194738
101.11874208078342
21.02379604162864
20.248456731316587
28.42534080710379
38.600518131237564
33.421549934136806
26.92582403567252
77.83315488916018
86.83317338436964
97.01546268507923
105.08092119885512
99.29753269845128
89.5377015563835
99.24716620639605
97.73944955850733
101.07423014794622
107.0420478129973
110.11357772772621
118.6001686339442
125.41929676090518
124.80785231707178
120.93386622447825
116.73045875006231
113.46365056704283
107.28000745712129
100.42410069301094
108.74741376235114
113.17685275708986
117.13667231059623
123.2233744059949
111.22050170719426
107.42439201596628
102.88342918079665
16.278820596099706
32.57299494980466
51.419840528729765
65.62011886609167
78.31347265956222
92.43916918709297
101.43470806385751
47.01063709417264
55.31726674375732
65.19202405202648
76.84399781375251
73.08214556237385
78.39005038906404
83.64807230295268
86.82165628459296
90.0
26.40075756488817
18.027756377319946
18.681541692269406
26.92582403567252
26.30589287593181
25.96150997149434
62.16912416947821
70.51950084905593
80.65358020571685
88.86506625215557
83.38465086573187
73.824115301167
97.082439194738
93.38094023943002
94.5568612000208
99.72462083156798
101.51847122568385
109.27488274987991
115.76268828944843
116.27553482998907
113.46365056704283
110.3675676999362
108.17116066678771
103.81714694596457
97.41663102366043
102.88342918079665
106.28264204469139
109.2520022699813
114.12712210513327
102.88342918079665
100.30453628824571
96.84007434941384
16.55294535724685
35.17101079013795
49.36598018878993
62.12889826803627
76.23647421018367
85.15867542417507
32.01562118716424
42.01190307520001
53.33854141237835
66.2117814289874
67.1863081289633
70.61161377563892
74.63243262818116
76.55716818169282
78.77182237323191
36.71511950137164
26.076809620810597
18.601075237738275
20.09975124224178
25.942243542145693
31.827660925679098
46.647615158762406
54.42425929675111
64.51356446515724
72.80109889280519
67.54257916307313
58.180752831155424
94.76286192385707
89.0
87.96590248499699
92.19544457292888
92.65527507918802
99.53893710503444
105.60303025955268
107.2240644631605
105.51303237041384
103.57605900979242
102.48902380255166
100.04498987955368
94.26027795418386
96.74709297958259
99.04039579888602
100.96038827183659
104.546640309481
94.25497334358543
92.9623579735368
90.6697303403953
19.1049731745428
34.0147027033899
47.095647357266465
61.00819617067857
69.35416353759881
16.401219466856727
28.231188426986208
40.80441152620633
54.57105459856901
60.8276253029822
62.0
64.4980619863884
65.0
66.12866246946176
48.27007354458868
37.656340767525464
27.202941017470888
21.400934559032695
31.38470965295043
40.85339643163099
30.23243291566195
37.94733192202055
48.08326112068523
56.302753041036986
50.99019513592785
41.677331968349414
91.09335870413386
83.3606621854697
80.02499609497022
83.15046602394962
82.20097323024831
88.05679985100527
93.60555539069249
96.317184344228
95.75489543621255
95.04735661763561
95.13148795220224
94.72592042308166
89.73850901368932
89.05054744357274
90.13878188659973
90.93404203047393
93.14504817756014
84.01190391843289
84.09518416651456
83.09632964216891
15.297058540778355
28.442925306655784
42.1070065428546
50.24937810560445
14.212670403551895
25.298221281347036
37.656340767525464
51.35172830587107
64.8459713474939
62.93647591023825
62.96824596572466
61.07372593840988
60.13318551349163
66.61080993352356
56.22277118748239
45.39823785126467
37.64306044943742
48.08326112068523
58.463663928973865
16.15549442140351
19.72308292331602
29.546573405388315
38.01315561749642
33.60059523282288
25.495097567963924
96.64884893261792
86.92525524840292
80.77747210701756
82.20097323024831
79.1580697086532
83.09632964216891
87.5728268357257
92.02173656261873
93.26306878931231
94.36630754670864
96.04686356149273
98.2344135219425
94.37160589923221
89.73850901368932
89.10667763978185
88.20430828479978
88.14193099768123
81.2219182240853
83.3606621854697
84.20213774008353
13.152946437965905
27.0
35.90264614203248
27.784887978899608
35.4682957019364
45.65084884205331
57.9396237474839
75.21303078589507
71.58910531638176
70.00714249274856
66.48308055437865
63.953107821277925
81.88406438373708
71.449282711585
60.67124524847005
52.88667128870941
63.324560795950255
73.7563556583431
20.12461179749811
13.152946437965905
19.209372712298546
27.586228448267445
25.942243542145693
22.090722034374522
107.07474025184464
96.38464608017192
88.63972021616495
88.86506625215557
84.40379138403677
86.70063436907483
90.13878188659973
95.88534820294495
98.48857801796105
100.88111815399351
103.61949623502326
107.42439201596628
104.30723848324239
97.30878685915265
95.50916186418976
93.39164844888434
91.54780172128658
86.58521813797087
90.13878188659973
92.19544457292888
14.142135623730951
24.166091947189145
40.311288741492746
46.22769732530488
54.67174773134658
65.5133574166368
84.95881355103778
80.2122185206219
77.52418977325722
72.91776189653656
69.28924880528002
95.03683496413377
84.5931439302264
73.824115301167
65.96969000988257
76.40026177965623
86.88498144098322
29.732137494637012
18.601075237738275
17.029386365926403
22.80350850198276
25.019992006393608
26.40075756488817
116.51609330903607
105.20931517693668
96.38464608017192
95.70788891204319
90.24965373894794
91.21403400793103
93.74433316206373
100.42410069301094
104.06248123122954
107.42439201596628
110.9414259868693
115.93532679903913
113.4063490286148
104.70912090166739
102.04410811016969
99.02019995940222
95.80187889597991
92.47702417357513
97.04638066409278
99.98499887483122
11.313708498984761
52.88667128870941
56.824290580701486
63.25345840347388
72.24956747275377
93.60555539069249
87.69264507357501
83.86894538504703
78.2368199762746
73.57309290766564
108.664621657649
98.32598842625484
87.46427842267951
79.2464510246358
89.62700485902673
100.2845950283492
40.24922359499622
28.178005607210743
21.213203435596427
21.540659228538015
27.459060435491963
33.301651610693426
124.45079348883236
112.53888216967503
102.61578825892242
100.9554357129917
94.51454914456292
94.02127418834527
95.51963149007642
103.07764064044152
107.78218776773832
112.16059914247963
116.49892703368559
122.78843593759146
120.96693763173474
110.43550153822818
106.85036265731624
102.88342918079665
98.2344135219425
96.74709297958259
102.34256201600583
106.21205204683694
59.30430001273095
61.032778078668514
65.36818798161687
72.47068372797375
95.13148795220224
88.23831367382311
83.48652585896721
77.10382610480494
71.7007670809734
116.06894502837527
106.0
95.00526301210897
86.20904824900923
96.42095207992918
107.29864864013899
45.12205669071391
33.37663853655727
24.041630560342615
20.0
27.459060435491963
35.84689665786984
124.96399481450646
112.60994627474076
101.83319694480774
99.35793878699377
92.20086767487604
90.55385138137417
91.23595782365635
99.36297097007517
104.84750831564858
110.0
114.97825881443848
122.3315167894194
121.16517651536682
109.12378292562992
104.80935072788114
100.12492197250393
94.41398201537736
94.40338976964757
100.7670581092849
105.38026380684383
13.038404810405298
26.076809620810597
40.11234224026316
51.07837115648854
50.00999900019995
51.03920062069938
50.35871324805669
50.695167422546305
57.0350769263968
47.38143096192854
36.345563690772494
27.0
37.12142238654117
48.041648597857254
15.524174696260024
26.019223662515376
36.013886210738214
43.41658669218482
37.107950630558946
27.202941017470888
82.73451516749222
73.38937252763509
68.06614430096654
70.178344238091
68.11754546370561
73.16419889536138
78.33900688673555
81.74350127074322
82.02438661763951
82.29823813423954
83.3606621854697
84.75848040166836
80.62257748298549
77.10382610480494
77.1621668954417
77.05841939723393
78.26237921249263
70.06425622241343
71.25307010929424
71.386273190299
13.038404810405298
27.073972741361768
39.96248240537617
37.64306044943742
38.118237105091836
37.33630940518894
37.94733192202055
59.90826320300064
51.62363799656123
41.14608122288197
30.870698080866262
39.293765408777
50.21951811795888
16.64331697709324
28.653097563788805
37.0
42.579337712087536
35.22782990761707
25.495097567963924
71.8679344353238
61.741396161732524
55.54277630799526
57.3149195236284
55.08175741568164
60.207972893961475
65.52098900352466
68.73136110975832
69.00724599634447
69.46221994724903
70.83078426785913
73.00684899377592
69.35416353759881
64.53681120105021
64.28063471995279
64.03124237432849
65.30696746902278
57.0350769263968
58.42088667591412
58.9406481131655
14.035668847618199
30.4138126514911
25.942243542145693
25.317977802344327
24.331050121192877
25.495097567963924
65.30696746902278
58.52349955359813
49.040799340956916
38.948684188300895
45.27692569068709
55.46169849544819
25.553864678361276
36.124783736376884
42.20189569201838
45.617978911828175
38.01315561749642
30.0
61.84658438426491
50.774009099144415
43.32435804486894
44.553338819890925
42.04759208325728
47.29693436154187
52.81098370604357
55.731499172371095
56.0
56.71860364994893
58.52349955359813
61.773780845922005
58.82176467941097
52.20153254455275
51.478150704935004
51.0098029794274
52.392747589718944
44.01136216933077
45.70557952810576
46.8187996428785
24.041630560342615
15.811388300841896
12.083045973594572
10.44030650891055
13.45362404707371
73.23933369440222
67.94115100585212
59.54829972383762
50.0
54.48853090330111
63.60031446463138
37.94733192202055
47.01063709417264
51.088159097779204
52.49761899362675
45.27692569068709
39.408120990476064
52.49761899362675
40.311288741492746
30.886890422961002
31.04834939252005
28.0178514522438
33.52610922848042
39.395431207184416
41.773197148410844
42.01190307520001
43.174066289845804
45.69463863518345
50.60632371551998
48.79549159502341
39.395431207184416
37.8549864614954
37.0
38.600518131237564
30.0
32.28002478313795
34.48187929913333
10.198039027185569
18.439088914585774
26.1725046566048
33.06055050963308
61.40032573203501
59.481089431852205
54.405882034941776
47.51841748206689
47.16990566028302
53.0
55.44366510251645
66.48308055437865
72.47068372797375
75.16648189186454
67.67569726275453
60.30754513325841
31.906112267087632
22.561028345356956
21.540659228538015
27.459060435491963
31.89043743820395
41.400483088968905
48.60041152089147
46.010868281309364
41.340053217188775
37.33630940518894
35.35533905932738
33.95585369269929
29.546573405388315
29.832867780352597
33.54101966249684
37.8021163428716
45.34313619501854
32.526911934581186
27.784887978899608
23.769728648009426
8.246211251235321
16.0312195418814
23.0
69.35416353759881
66.2872536767062
59.93329625508679
51.86520991955976
53.33854141237835
60.440052945046304
51.478150704935004
61.61168720299745
66.48308055437865
68.24954212300622
60.959002616512684
54.56189146281496
36.796738985948195
25.0
18.110770276274835
21.587033144922902
23.600847442411894
32.526911934581186
39.6232255123179
38.27531841800928
35.11409973215888
33.13608305156178
33.37663853655727
35.84689665786984
33.301651610693426
27.16615541441225
28.442925306655784
30.870698080866262
36.87817782917155
24.698178070456937
22.360679774997898
21.37755832643195
8.06225774829855
15.132745950421556
76.38062581571324
72.62231062146122
65.5133574166368
56.79788728465171
59.405386961116584
67.20863039818622
49.9799959983992
59.0592922409336
62.80127387243033
63.63961030678928
56.639209034025185
51.31276644267
41.88078318274385
29.206163733020468
18.867962264113206
19.235384061671343
18.027756377319946
25.80697580112788
32.64965543462902
32.69556544854363
31.25699921617557
31.400636936215164
33.61547262794322
38.948684188300895
37.8021163428716
27.313000567495326
26.1725046566048
26.476404589747453
30.528675044947494
19.6468827043885
20.396078054371138
22.47220505424423
7.0710678118654755
81.68843247363729
77.10382610480494
69.20260110718382
59.90826320300064
63.702433234531945
72.24956747275377
46.87216658103186
54.78138369920935
57.4543296888929
57.48912940721924
50.80354318352215
46.51881339845203
49.24428900898052
36.359317925395686
24.758836806279895
22.825424421026653
18.110770276274835
23.08679276123039
29.068883707497267
31.400636936215164
32.2490309931942
34.539832078341085
38.27531841800928
45.34313619501854
44.94441010848846
32.202484376209235
29.154759474226502
27.16615541441225
28.160255680657446
20.223748416156685
24.186773244895647
28.284271247461902
86.6083136886985
81.39410298049853
72.91776189653656
63.25345840347388
67.94115100585212
77.00649323271382
45.044422518220834
51.66236541235796
53.225933528685054
52.43090691567332
46.14108798023731
43.01162633521314
55.90169943749474
42.941821107167776
30.805843601498726
27.65863337187866
21.02379604162864
23.0
27.65863337187866
32.0624390837628
34.785054261852174
38.58756276314948
43.278170016764804
51.40038910358559
51.478150704935004
37.48332962798263
33.28663395418648
29.732137494637012
28.0178514522438
23.259406699226016
29.068883707497267
34.20526275297414
10.770329614269007
21.213203435596427
30.066592756745816
20.615528128088304
9.848857801796104
72.24956747275377
83.00602387778854
93.04837451562494
100.31948963187563
93.64827814754524
83.60023923410746
78.587530817554
77.87810988975015
82.37718130647589
88.81441324469807
92.84934033152847
101.86265262597475
108.90362712049586
107.29864864013899
102.6498904042279
97.75479527879949
93.91485505499116
86.97700845625813
80.00624975587844
89.55445270895244
94.57801012920498
99.20181449953424
106.21675950620975
93.72299611087985
89.05054744357274
83.86298349093002
11.045361017187261
20.8806130178211
13.45362404707371
8.06225774829855
62.80127387243033
73.17103251970687
83.2946576918352
90.79647570252934
84.34453153583817
74.33034373659252
80.62257748298549
78.16009211867653
80.95677859203639
86.83317338436964
89.87213138676528
98.40731680114035
105.26157893552613
104.5609869884557
100.72239075796404
96.66436778875658
93.637599285757
88.07383266328314
81.39410298049853
88.76936408468859
93.02150289046077
96.89685237405806
103.00485425454472
90.97252332435328
87.23531395025755
82.85529554590944
10.295630140987
8.06225774829855
13.892443989449804
51.78802950489621
62.12889826803627
72.24956747275377
79.76214641043707
73.348483283569
63.34824385884742
79.00632886041473
74.81310045707235
75.8946638440411
81.15417426109393
83.24061508662703
91.26883367283708
97.9081201943945
98.00510190801293
94.93682109698007
91.706052144883
89.49860334105779
85.37564055396598
79.1012010022604
84.20213774008353
87.66413177577246
90.80198235721508
96.04165762834376
84.53401682163222
81.70679286326198
78.16009211867653
10.44030650891055
21.095023109728988
42.190046219457976
53.009433122794285
63.00793600809346
70.25667228100119
63.63961030678928
53.600373133029585
74.67261881037788
69.02897942168927
68.65857557508748
73.37574531137656
74.73285756613352
82.365041127896
88.83692925805124
89.47066558375433
86.97700845625813
84.40379138403677
82.87339742040264
80.00624975587844
74.16872656315464
77.27871634544663
80.0812087820857
82.63776376451628
87.23531395025755
76.15773105863909
74.04052944165107
71.19691004531025
11.045361017187261
52.009614495783374
63.12685640834652
73.02739212103907
80.05623023850174
73.24616030891995
63.198101237299845
71.0
67.08203932499369
68.70953354520753
74.24957912338628
76.8505042273634
85.21150157109074
92.00543462209176
91.58602513484249
88.10221336606703
84.50443775329198
82.00609733428362
77.52418977325722
71.17583859709698
76.84399781375251
80.62257748298549
84.11896337925236
89.87213138676528
78.03204469959762
74.73285756613352
70.83784299369935
63.0317380372777
74.06078584514209
84.00595217006948
91.08786966440702
84.29116205154607
74.24284477308234
72.83543093852057
70.83784299369935
74.30343195303969
80.45495634204272
84.02380615040002
92.84934033152847
99.82484660644363
98.60020283954795
94.33981132056604
89.89438247187641
86.53900854527974
80.52328855678958
73.7563556583431
81.85963596303125
86.45229898620394
90.69729874698585
97.30878685915265
85.0
80.77747210701756
76.02631123499285
12.083045973594572
21.213203435596427
28.071337695236398
21.587033144922902
11.704699910719626
87.20091742636656
76.32168761236873
68.54195795277518
68.96375859826666
64.93843238021688
68.0294054067798
72.11102550927978
77.10382610480494
79.07591289387686
81.04319835741924
83.57032966310472
87.32124598286491
84.31488599292535
77.25283166331187
75.69015788066504
73.97972695272672
73.00684899377592
67.08203932499369
70.21395872616783
72.09022125087424
10.198039027185569
18.384776310850235
14.142135623730951
9.0
97.94896630388705
86.6083136886985
77.89736837660179
77.47257579298626
72.42237223399962
74.14849964766651
77.31752712031083
83.3606621854697
86.40023148117139
89.31965069345043
92.57429448826494
97.3498844375277
94.81033698917012
86.31338250816034
83.93449827097318
81.32035415564789
78.91767862779544
74.63243262818116
78.79086241436883
81.49233092751734
8.602325267042627
8.0
12.206555615733702
103.23759005323593
91.35097153287424
81.60882305241266
80.26207074328447
74.24957912338628
74.63243262818116
76.90253571892151
83.81527307120105
87.84645695758026
91.706052144883
95.71833680126291
101.67103815738285
99.76472322419383
89.58794561770016
86.35392289873113
82.85529554590944
79.12016177940993
76.48529270389177
81.6333265278342
85.21150157109074
7.615773105863909
17.11724276862369
104.9952379872535
92.69843580125827
82.13403679352427
80.0
73.24616030891995
72.49827584156743
74.0
81.54140052758476
86.35392289873113
90.97252332435328
95.60334722173695
102.55242561733974
101.23734488813898
89.64373932405988
85.70297544426332
81.49233092751734
76.69419795525604
75.47184905645283
81.40024569987489
85.70297544426332
10.04987562112089
97.74456506629922
85.56284240252891
75.28612089887484
73.49829930005184
67.11929677819934
67.06713054842886
69.12307863514182
76.21679604916491
80.52949770115296
84.72307831990054
89.05054744357274
95.58765610684259
94.06912352095134
83.00602387778854
79.40403012442127
75.58438992278762
71.47027354082255
69.35416353759881
74.88658090739622
78.87331614684399
91.2414379544733
79.51100552753688
70.178344238091
69.31810730249349
63.90618123468183
65.30696746902278
68.3593446428504
74.52516353554684
77.79460135510689
81.02468759581859
84.59905436823747
90.0
87.86353054595519
78.39005038906404
75.64390259630977
72.73238618387272
70.03570517957252
66.12866246946176
70.66116330771806
73.78346698278686
13.0
25.96150997149434
32.2490309931942
41.43669871020132
50.039984012787215
56.0357029044876
48.507731342539614
39.81205847478876
31.04834939252005
23.40939982143925
10.816653826391969
5.0
24.08318915758459
32.14031735997639
40.11234224026316
51.088159097779204
40.19950248448356
31.144823004794873
23.345235059857504
13.152946437965905
20.024984394500787
29.017236257093817
38.118237105091836
44.553338819890925
37.94733192202055
29.966648127543394
22.20360331117452
16.401219466856727
11.40175425099138
8.602325267042627
13.892443989449804
21.540659228538015
29.120439557122072
39.81205847478876
28.0178514522438
19.1049731745428
11.045361017187261
7.615773105863909
16.0312195418814
25.495097567963924
32.28002478313795
26.92582403567252
20.518284528683193
15.811388300841896
15.297058540778355
20.615528128088304
21.18962010041709
9.055385138137417
12.206555615733702
18.027756377319946
27.85677655436824
15.297058540778355
7.211102550927978
3.605551275463989
9.219544457292887
18.110770276274835
24.73863375370596
19.4164878389476
13.892443989449804
12.165525060596439
15.620499351813308
25.079872407968907
27.294688127912362
10.0
7.0
10.63014581273465
20.248456731316587
8.0
1.4142135623730951
9.0
9.848857801796104
17.0
14.7648230602334
14.142135623730951
17.804493814764857
23.600847442411894
34.17601498127012
36.49657518178932
18.788294228055936
12.727922061357855
9.055385138137417
13.45362404707371
2.23606797749979
10.44030650891055
18.110770276274835
7.211102550927978
9.219544457292887
14.866068747318506
22.360679774997898
29.732137494637012
41.773197148410844
45.044422518220834
26.30589287593181
18.681541692269406
11.180339887498949
5.0990195135927845
10.198039027185569
19.026297590440446
27.073972741361768
9.433981132056603
18.027756377319946
26.68332812825267
34.52535300326414
47.16990566028302
51.03920062069938
32.0
24.020824298928627
16.0312195418814
5.0990195135927845
17.08800749063506
25.495097567963924
33.54101966249684
9.055385138137417
18.027756377319946
26.019223662515376
39.01281840626232
43.56604182158393
24.515301344262525
16.492422502470642
8.94427190999916
5.0
13.601470508735444
19.72308292331602
27.313000567495326
9.0
17.0
30.066592756745816
34.92849839314596
16.15549442140351
8.602325267042627
5.0990195135927845
13.0
12.041594578792296
13.601470508735444
20.0
8.0
21.095023109728988
26.248809496813376
8.48528137423857
5.385164807134504
11.180339887498949
21.587033144922902
15.620499351813308
11.045361017187261
13.892443989449804
13.152946437965905
18.788294228055936
6.324555320336759
11.180339887498949
18.681541692269406
29.427877939124322
21.633307652783937
14.212670403551895
12.041594578792296
7.211102550927978
15.524174696260024
23.194827009486403
31.144823004794873
42.1070065428546
32.57299494980466
23.769728648009426
17.204650534085253
19.1049731745428
27.16615541441225
35.12833614050059
46.09772228646444
35.22782990761707
26.1725046566048
18.439088914585774
8.06225774829855
16.0312195418814
27.018512172212592
17.08800749063506
8.602325267042627
6.082762530298219
8.0
19.0
10.63014581273465
6.082762530298219
11.40175425099138
11.0
7.0
10.816653826391969
18.384776310850235
13.038404810405298
20.8806130178211
28.861739379323623
9.055385138137417
17.0
8.06225774829855
