130.24592124131948
258.11818998280614
382.89554711435335
509.01964598628217
630.600507453015
744.4098333579427
852.2839902286092
936.2120486300099
998.969469002932
1001.9825347779272
987.6234100101111
970.5719962990896
952.6179716969442
938.3869138047482
931.7558693134163
933.0342973331688
107.62899237658968
198.72845795205075
281.774732721016
358.62096982747676
441.9321214847366
581.6605539315865
675.2962312940892
764.0215965533959
847.1245481037603
897.5795229393326
504.1428369024001
514.1254710671316
535.8824497965949
567.2459783903277
498.1214711292819
549.440624635638
604.8842864548558
644.1777704950707
682.2352966535813
172.07265907168403
225.71885167172013
292.7541630788536
355.09012940378955
291.44639301250584
224.2944493294473
626.1349694754318
685.1642138932826
750.0806623290591
800.0756214258749
751.9607702533424
687.744865484287
572.1765461813338
592.3731931814606
624.9839997951948
672.3763826905284
701.0064193714634
767.3545464777022
833.2646638373668
822.0590003156708
788.4269148120198
754.6721142323996
718.4434563693931
660.8850126913153
594.6435907331382
661.2299146287924
700.3570517957252
735.6147089339636
811.2071252152559
734.63596427074
700.2413869516711
662.0030211411425
128.00390619039717
253.02371430362015
379.95394457749745
503.2544088232114
619.6660390887982
731.7813881207966
822.9270927609566
894.5389874119518
908.9779975334936
907.914092852402
905.7737024224097
904.4340771996597
906.8682373972528
917.1766460175488
935.2374030159401
219.5358740616212
300.08165555395084
361.19939091864484
416.5249092191246
481.5682713800817
610.0204914590985
703.0967216535716
789.7854138941792
867.9953916928362
908.8305672676288
515.9263513332111
506.190675536403
509.1188466360286
522.1685551620282
428.02920461108727
482.6851976184892
541.2365471769252
586.7750846789594
630.3816304430198
206.20620747203515
262.6651861210389
321.6473223889793
367.8219678050782
299.5413160150032
235.3720459187964
628.9777420545182
692.3539557191827
755.2780944791131
800.8901297930946
748.6741614347326
686.0357133560905
464.4846606724489
495.89716675939985
538.95547125899
589.2860086579351
624.0592920548495
692.3503448399517
758.1886308828431
737.499152541886
696.4746944433804
658.0592678475093
617.4827932825335
555.3602434456395
490.04999744923987
568.6202599274844
611.9673193888706
652.006901803961
734.006130764587
650.5397758784624
611.2364517925939
568.8620219350207
125.13193037750197
252.76866894455097
377.809475794348
496.91951058496386
613.5283204547285
712.5349114253981
793.7638187773489
821.00426308272
834.8203399534538
849.0800904508361
865.5657109659555
885.3253639199546
912.593008958539
946.8400076042415
340.40123384030204
412.53605902999556
457.70951486723544
494.92019558712695
541.9566403320472
654.8663985882922
744.3117626371358
826.8300913730704
898.7530250296796
929.6590772966184
550.2372215690248
522.5514328752721
506.4632267006164
499.22840464060135
382.4264635194589
437.3213921133975
496.2841927766791
546.8546424782367
594.8613283783036
292.24647132172527
340.62589449423837
386.1450504667903
414.20043457244225
350.3426893771297
299.7148644962408
649.5690879344552
714.776188747219
773.8862965578342
814.0589659232309
759.2693856596617
700.1385577155424
366.8092147152249
412.35057899801717
467.11240617221887
519.2003466870954
560.1615838309514
628.714561625544
692.893209665097
661.7627973828689
612.8833494230366
569.642870577698
524.5588622833476
458.0174669158372
395.80045477487766
487.46281909495417
534.7195526628889
579.3927855954024
666.8268140979335
577.3846205087212
533.2588489654906
487.02874658483967
128.41339493993607
255.42513580303722
377.47715162642623
499.0040079999358
606.7783779931516
698.5363269007561
740.1688996438584
770.4836143617852
802.3820785635731
837.37327399434
874.444395030353
917.9912853616858
967.2331673386723
460.6788469204984
526.8206525944099
560.6353538620268
583.958902663535
615.640317068335
712.092690595824
796.0515058713223
873.0692985095742
937.9216385178455
959.0662125213254
602.0905247552065
559.9946428315185
527.2769670675934
500.5886534870722
369.139540011633
419.3184947030121
474.6114200058823
527.7954149099819
578.2058456985712
395.28470752104744
435.9908255915484
469.9212700016887
482.9575550708364
426.9074841227312
389.52406857599954
685.5144053920384
750.3792374526363
804.4190450256632
838.5523239488398
782.6749005813333
728.4943376581591
288.11282512238154
350.08713201144656
416.1249812255929
467.48796775959914
513.8024912356888
580.0
640.3381918955014
598.1638571495272
541.4055781020362
493.6000405186369
444.3422104639621
374.5744251814317
320.0249990235138
423.78532301154553
473.67604963730224
522.0900305502873
612.8882442990729
519.5199707422228
471.3904962979207
422.5221887664599
128.2809416865966
252.62026838715852
378.540618692367
495.025251881154
597.448742571277
654.5991139621257
702.7268317063182
753.2655574231441
807.311587926248
861.7337175717335
921.1655660086302
984.7486989074929
581.278762729209
641.1941983517942
664.3869354525268
675.030369687172
692.2492325745114
771.0317762582811
847.8514020746796
918.0087145555864
974.7456078382708
985.7920673245449
659.2154427802795
605.3891310553898
558.506042939555
514.2616065778195
379.1384971220939
419.2397881880965
466.1523356157298
518.6925871843553
568.9710010185054
502.7325332619722
536.2704541553636
559.7213592494037
559.7088528869273
512.6246189952254
487.2217154438008
724.8724025647548
787.5792023663398
835.3107206303532
862.670273047588
807.0254023263456
759.19035821064
230.471256342304
306.16498820080653
379.3178087039943
425.8368232081392
475.44189971015385
535.6286026716647
589.27497825718
536.0167907817814
472.21393456779737
421.01425154025367
369.120576505835
299.93332592427936
261.84346468835156
370.912388577141
420.5246722845165
470.61236702832196
561.2575166534521
467.5179140952783
417.388308413161
368.71804946327217
125.39936203984452
254.46610776290032
378.69512803837335
491.012219807206
563.8900602067747
630.1341127093501
699.1916761518261
771.6994233508277
842.5514821065832
916.7126049095212
993.4233739951965
696.0869198598692
749.112808594273
761.7571791588183
760.3696469481143
763.8357153210368
824.2633074448966
892.647746874432
954.8465845359661
1002.670933058299
1003.5746110778211
713.6056333858359
650.7165281441681
592.6390132281201
534.1132838640133
406.25361536852813
432.7701468447194
467.4719242906466
515.8003489723519
563.1411901113255
606.2111843244069
632.7732611291347
646.4673232267816
634.9881888665332
597.2269250460834
582.7495173743175
760.5945043188256
819.5834307744392
860.0697646121505
880.1908883872861
826.047214146988
785.6220465338279
212.2851855405836
287.7168747223562
358.81192845277593
395.3492127221199
444.694277003876
494.6291540133881
538.435697182124
475.27886550950274
406.73578647569235
354.8309456628607
304.0164469235176
244.13111231467406
234.9170066214875
333.0345327439784
377.4612562899668
425.64304293621433
511.0322886080683
422.1670285562339
373.6107600163571
329.9893937689513
131.18688958886096
262.5737991498771
384.07551340849625
473.0
557.3670245000147
644.1987271021264
733.8426261808454
819.5632983485779
906.7772604118389
994.9899496979856
802.5671311485414
848.4485841817406
851.002350173018
838.513565781735
829.294881209332
871.5394425956865
930.7034973610016
984.2606362138029
1022.7619468869576
1013.83677187208
764.4043432634328
695.011510696046
628.7924935938723
559.801750622486
446.96867899216386
459.1394123792903
479.75514588172996
520.8733051328317
562.7583850996803
703.1991183157157
723.1355336311444
727.932002318898
706.5868665634821
677.9210868530348
673.2146760135284
792.863796625877
846.9450985748722
879.6459515054906
892.3883683688397
840.8525435532678
808.4757262899116
243.51591323771842
301.1710477452971
359.6845840455218
381.8481373530582
426.52549747934177
462.0660125999314
492.8326287899372
422.1812407011946
352.98866837336294
305.1884663613617
262.4061737078608
226.05530296810116
251.33443854752576
318.9686504971923
352.23003846918
393.7321424522006
467.53074765195925
390.1281840626232
348.0057470789814
315.4203544478384
137.11673858431726
266.1879035568671
371.24789561693143
473.5440845370154
577.2642375896847
682.8067076413354
782.1419308539851
881.183862766449
979.8066135722906
901.2990624648403
938.6591500646015
930.1747147713703
906.0932623080254
883.812197245546
906.3713367047746
954.807310403518
998.3912058907571
1026.5008524107518
1007.4348614178487
805.2552390391509
731.1723463042075
659.0371764931019
582.5907654606276
491.3176162117536
488.77090748120435
493.81879267601795
524.8018673747265
558.588399449899
792.7830724731703
805.4470808190939
800.960048941269
770.0318175244449
751.2423044530972
756.5659257460647
813.9465584422604
861.6368144409801
885.5083285887265
890.2769232098516
842.6203178181737
819.41259448461
304.38462510448846
335.76479863142293
373.503681374093
377.95502377928517
412.9721540249415
429.563732174866
443.3801980242239
369.14089451048363
306.27601930285044
270.6325922722539
246.44066222926767
246.27017683836587
298.0151002885592
323.0371495664237
339.1872639118397
368.16436546738197
422.19071519871204
364.80405699498465
335.1208737157386
319.53090617340916
131.7459676802292
248.69660230891776
365.2738698565776
482.3287260779727
600.5081181799294
710.8002532357456
819.4290695356127
926.60671268883
973.0596076294607
999.599919967984
978.4007358950626
941.7027131743861
905.5523176492896
906.4789021262436
942.5423067427796
974.8487062103535
991.7161892396433
962.6234985704432
814.2708394631359
737.4944067584513
661.8738550509455
581.3097281140235
517.907327617596
500.57566860565646
489.18299234540035
507.34209366067785
530.4658330184895
855.5290760693058
859.6301530309415
844.8727714869264
804.2512045374878
796.7295651599732
813.031979690836
801.8541014424009
841.6014496185234
855.7207488427518
852.1560889883965
809.6418961491555
796.565126025487
365.8209944768069
368.6638034849638
380.63630935579437
366.072397211262
386.5449521077723
380.67834191085785
374.40219016453415
303.29523570277195
257.47232861028
244.1823089414956
247.58836806279893
283.3972476930572
348.0057470789814
327.8078705583501
323.130004796831
333.9970059746045
359.64982969549703
331.36837507523256
319.9015473548073
324.96307482543307
128.42507543311004
256.2888994864975
383.0013054808038
510.2832546733236
628.530031104322
744.1081910582627
857.5412526520225
1023.3220411971981
1038.9018240430614
1005.7261058558637
957.5473878613005
908.8212145411219
888.9460051094217
912.3710867843193
933.2593423052351
939.1059578130681
900.9422844999561
807.5270893288967
730.441647224472
654.2308461086194
573.4282867107272
540.0786979691015
510.1186136576473
483.8233148578105
488.07888706642495
499.01603180659436
899.1401448050243
894.9620103669206
870.7267079859214
821.8765114054544
825.2617766502941
851.5867542417508
775.0928976580807
806.1327434114062
810.4918259920947
798.9524391351465
762.4099946878976
759.5162934394496
430.10928843725287
409.1185647217686
396.69257618463195
365.80049207183964
369.120576505835
340.1190967881692
311.8493225902535
254.23807739990482
238.4302833114955
252.76471272707352
281.2561110447202
339.2418016695466
405.0098764227855
348.8337713008877
325.0846043724618
315.65329081129505
306.2433672751134
314.21330334662787
323.2243802685682
347.0389027184128
130.09611831257686
259.4937378820537
389.9794866400026
511.46163101448775
630.093643833994
746.4650025285847
1012.8301930728566
1017.0594869524595
972.6469040715649
914.3401992693966
854.8526188764938
816.912480012394
829.3901373901188
840.9518416651455
838.5207212705003
794.3664141943565
746.5607811826175
671.1214495156596
596.7587452228915
519.0269742508572
516.2111970889434
475.83400466969573
436.92791167422575
427.6189892883617
426.487983418056
884.0814442120137
871.7212857330031
838.7347614114965
783.1079108271094
796.9065189845043
832.4836334727548
697.3234543595963
720.5060721465156
717.0076708097341
699.5570026809824
668.1392070519437
673.4641787058907
455.3559047602216
413.08715787349286
378.27238863020386
335.0
320.8317315977333
271.97426348829407
224.43930137121706
191.8593234638338
213.56497840235883
251.67637950352037
297.06901555025894
365.8906940603983
425.37747942268874
341.18030423809637
302.3722870899382
274.0218969352632
229.2640399190418
274.0456166407337
302.1737910540886
340.6537831875642
130.14607178090316
262.01717500957835
385.1674960325702
505.4868939942954
623.574374072572
984.6217547870857
977.3151999227271
922.2586405125192
854.6794720829558
785.3254102599763
729.7759930279976
731.2489316231512
733.7881165568165
723.8701541022396
674.8607263724864
672.0297612457354
600.2207927088165
530.292372187268
459.42572849155937
489.9234634103576
441.0725563895355
391.1738743832466
367.02179771779225
351.71721595622813
853.6070524544651
833.1728512139603
791.9577008906473
730.6579226970717
754.8357437217716
799.0319142562455
606.4857788934544
621.2648388569886
610.063111489295
587.1669268615186
561.0926839658489
574.5928993644109
482.9264954421118
423.59650612345706
369.59572508350254
318.6628312182015
286.6251907980176
221.51523649627356
157.07959765672945
173.25414857947845
230.85276693165278
281.71261952564356
333.65401241405743
402.9553325121781
450.7205342559844
348.4322028745334
300.1666203960727
256.3532718730151
176.69465187152667
258.0736329034797
301.77143668677456
349.26207924708916
132.5028301584536
256.632032295269
378.00132274900835
497.2132339348984
953.4998689040287
934.4308428128858
869.2140127724587
793.0605273243651
714.4634350335922
640.67230313164
629.9658720914967
622.6853137821704
605.0206608042406
551.457160620841
598.3059418056953
532.8648984498791
471.03715352400815
412.4584827591742
477.83365306349026
423.6708628168805
366.28540784475706
327.28733553255614
295.78539517697624
822.6888840868096
794.3078748193298
745.3891601036333
679.6123895280309
714.2219542971219
766.3171667136265
515.8614154983875
520.5573935696236
500.71249235464455
471.9629222725022
452.45220742085013
475.3283075938146
524.0343500191567
453.43136195018536
386.5294296686864
334.90297102295165
289.8620361482338
222.46123257772354
164.01219466856725
224.35017272112808
293.73627627516487
344.93477644331546
395.1822364428847
458.19319069580246
492.00101625911304
383.0469945058961
333.0015014981164
283.0282671395209
192.02343606966312
286.0069929215018
336.00595232822883
385.0116881342695
124.53513560437472
246.43457549621561
366.29223305988893
921.1780501075783
890.0168537730058
815.1380251221261
731.2249995726349
644.1777704950707
551.131563240575
526.1976814848199
507.4682256062935
481.20369907140156
423.14300183271376
528.2887468042453
473.26102734114926
424.8352621899458
385.6591759572174
483.39011160759173
428.29195649696715
369.2830892418444
319.4276130831522
274.0656855573131
793.3750689302002
757.2384036748268
701.3130542061797
632.6531435154653
677.5780397858242
736.5955470948762
428.4016806689722
420.1202208892117
389.75889983424366
354.1073283624613
343.77027212951384
378.33582965402576
577.6028047023318
501.1476828241352
428.2732772424635
381.90705675595996
332.03764846776033
277.0739973364516
241.6795398870165
314.836465486449
382.13348453125644
428.65487282894617
473.7531002537081
527.6514000739503
547.4614141654185
440.65405932545315
394.33615101839194
346.2080299473136
266.32686683847726
349.72131762304684
398.1369111248039
443.40162381299416
122.05326705991938
242.19207253748004
893.6095344164587
851.1151508462295
768.0266922444819
678.083328212691
584.5220269587794
473.05919291352956
432.15853572502766
400.0912395941706
363.9917581484504
301.3254055004324
473.33920184155465
432.92609068985433
402.65121383152444
387.15629918677547
507.21297302020974
455.2592667920116
400.2811511925087
346.930828840563
296.33933252270106
771.4615998220521
728.599341202008
667.2368395105294
597.9473220945137
651.7491848863334
715.800251466846
358.4536232206337
334.18557718728675
291.23358322830836
247.315587862957
250.9760944791356
299.47453981933086
637.7021248200448
559.7034929317487
486.2355396307432
447.2359556207439
398.24615503479754
357.8002235885271
339.70575502926056
413.83209155405046
476.2656821565039
517.5712511336
557.1759147701918
602.2001328462159
610.2237294632191
510.0637215093816
469.26538333868183
425.8368232081392
359.95138560644546
429.4414977619187
473.3962399512696
513.2504262053759
120.26637102698326
874.3414664763418
820.9896467069484
731.0403545632759
636.9458375717671
539.2782213292134
410.9111826173632
351.2064919673325
301.5592810709032
251.52534663528445
182.4828759089466
438.88153299039595
417.65296598970775
409.02933880102046
417.7427438029295
549.6216880728052
503.24546694431336
455.2669546540798
403.52942891442257
354.36986327846785
760.5642642144055
711.9691004531026
646.821459136909
579.4100447869367
640.4014366005123
707.5372781698502
314.9634899476446
271.53084539329967
213.90184664934523
160.70469812671936
189.08199279677586
251.08564275959708
706.402859563861
629.3210627334827
558.028673098435
526.3278445987823
480.28845499345493
451.7742799230607
445.14828989899536
517.7682879435549
575.4059436606473
611.9910130059101
646.5570353804836
683.5919835691464
681.8357573492315
589.9101626519075
554.6611578252077
516.1879502661797
462.01731569282117
519.7239651969111
558.8962336605964
593.3338014979427
864.005208317635
800.6247560499238
705.6259632411494
609.9213063994404
511.707924503813
371.56964353940435
292.5508502807674
221.11083193728885
149.93665329064805
71.02112361825881
429.01864761336424
429.2528392451237
441.87894269811045
470.9787680989452
606.2903594813297
566.3709032074299
526.0608329841712
478.1171404582772
432.936484949005
761.111030008106
708.0706179471084
641.1318117204917
578.22141087995
644.0636614497048
712.1242869050318
307.7174028227848
248.0987706539474
183.02458851203573
134.35028842544403
187.72320048411703
249.23081671414553
781.2073988384902
706.3802092357911
638.5013703979029
613.2772619297083
570.6461250197008
551.3945955484148
552.8082850319811
623.4003529033329
676.7362854170005
709.2002538070611
739.310489577958
769.3334777585076
759.5182683780555
676.0310643750034
645.8118921172015
611.8447515505874
567.0872948673775
615.260107596779
650.0438446751111
679.5741313499212
91.67878707749138
181.43042743707574
267.3443472377899
358.6753406633916
501.3990426795807
593.5596010511497
682.22063879657
767.262666887944
823.0874801623459
437.31910545961745
461.3772859601998
496.8561159933528
541.9446466199292
497.78408974172726
543.7766085443544
594.3576364445905
626.84368067326
658.996965091646
131.24404748406687
165.08482668010407
227.7740108089595
296.36632737205485
243.73140954747709
187.20042734993956
561.7517245189373
616.4365336350531
681.5020176052305
733.665455095168
689.1770454679987
625.1151893851245
607.481686966776
614.3175074828977
635.0787352761861
678.2403703702693
700.1271313125924
763.1415333999323
827.8997523855168
826.3201558718025
801.0399490662123
773.0109960408066
742.4183456784995
691.4340170977995
625.6524594373461
677.1772293868128
710.9458488520768
740.5356169692312
808.2926450240656
740.0716181559728
711.4731196608907
678.4983419287037
98.32598842625484
192.26024029944412
289.2490276561012
431.6758042790909
521.2158861738579
609.0073891177348
695.1409928928088
755.2509516710323
382.35716287262096
419.40195516950087
466.601543075031
522.7245928785062
501.8246705772844
541.7157926440764
586.6685606030035
612.4344862922075
638.7127679951294
145.91093173576817
145.3409783921933
189.44656238633627
257.41017850893155
222.48145990171855
187.4593289223025
506.0533568705972
555.7814318596835
620.1435317730889
673.6839021380873
632.9612942352794
569.9438568841672
637.7656309334958
633.5558381074236
643.9906831624197
682.6778156641682
698.4103378387235
757.4932342932179
820.3273736746812
826.9873034091878
809.1303974020504
786.3237246834157
760.907353098917
716.2080703259354
652.0644139960407
690.1144832562203
718.7579564777005
743.0437403006636
803.0865457719983
743.0242257154204
719.8173379406751
691.8677619314258
95.70788891204319
194.05411616350733
335.1715978420606
423.6248340218028
511.11838159080133
597.4052226085741
658.6349520030045
295.16944286290885
341.88009594008247
398.1770962775232
463.0172782953137
465.82400109912754
498.2248488383533
536.4475743257676
555.2368863827403
575.633563997097
166.01807130550577
128.9961239727768
135.00370365289984
191.60375779195982
181.7305698004604
179.0111728356641
416.54051423601044
462.9222396904258
526.598518797765
580.6289693082838
542.1770928395998
480.20828814171875
625.8793813507519
609.7384685256459
609.1173942681329
642.4865757352444
651.8320335792035
706.2294244790428
766.475700854241
780.9327755959536
770.6672433677196
753.5124418349043
733.8937252763509
696.68500773305
635.5910634991653
658.48462396627
681.349396418607
699.9214241613125
751.6648189186454
700.3434871546962
682.9326467522255
660.6549780331637
98.49365461794989
239.64139876073165
329.0379917273992
417.0587488591985
503.0159043211258
563.2051136131489
204.98048687619024
260.5263902179585
324.7845439672276
396.8236384088025
423.8207168131355
447.52206649505007
478.0041840821061
489.54672912807825
503.96230017730494
210.3758541277967
155.56349186104046
115.31695452100702
137.46272221951665
163.3217682980441
195.88006534611938
323.3604799600594
367.78934187928826
431.17745766679406
485.3308150117814
447.8973096592566
386.6574711550263
603.212234623934
575.7299714275782
564.2481723497206
591.777829932822
594.7915601284201
643.9875775199395
701.1825725158891
722.7336992281458
719.7443990751161
708.2040666361638
694.4465422190538
665.1150276455945
608.2104898799428
615.819778831437
632.6839653413069
645.4843142943134
688.7670143089026
646.3226748304596
634.7479814855657
618.356693179592
143.01398533010678
234.94041797868667
323.6865767992241
408.5927067386299
466.24135380723146
116.51609330903607
185.17289218457435
258.1046299468493
336.8085509603341
392.7963849120814
405.0395042461908
425.0
427.2434902956393
433.84905209070126
279.30807363912703
221.54232101339014
160.01562423713506
133.13526955694348
191.73158320944412
247.42675683927152
227.24656213021134
269.4327374318125
332.6875410952445
386.87077946001557
350.2013706426632
289.836160614924
587.5797818169036
548.3885483851756
524.916183785564
545.0522910693982
540.6163149591399
582.8799190227778
635.7877004157913
665.2225191618215
670.5259129966566
665.4697588921679
658.4747527430342
638.3831138117612
587.3372114892773
577.7793696559268
587.4725525503297
593.4146947961434
626.2882722836187
594.718420767341
590.0457609372344
580.6754687430837
93.86160024205851
182.3896926912264
266.0845730214362
323.5861554516818
111.8257573191436
176.61823235442031
247.42069436488129
326.01380338875225
424.64573470129193
417.85164831552356
417.77027180018445
402.01990000496244
391.5941776890969
414.5189983583382
357.5304182863327
291.8938163099726
243.28584011405184
311.01446911679204
375.0
124.8118584109699
140.60227594174995
198.11612756158948
252.68557536986555
225.22877258467668
174.41330224498358
628.6024180672549
574.5859378717861
533.8801363602133
540.5672946081736
523.1873469418006
550.276294237722
592.5580140374443
636.12891775174
656.1493732375274
662.2967612785072
666.5283189782712
661.4000302388865
621.034620613054
585.9982935128736
583.4115185698685
577.1464285603785
589.1858789889656
579.2210286237888
586.7239555361618
589.329279774898
88.81441324469807
174.0028735394907
237.45736459415193
194.7331507473753
243.02263269086689
302.1671722738921
373.0804202849568
487.4935897014442
471.85802949616107
461.0618179810599
435.4882317583335
414.56000771902734
508.37781226170756
451.3823213197433
385.7304758506903
335.62181097181394
403.7078151336682
468.38979493579916
141.20906486483082
110.02272492535349
141.20906486483082
190.9240686765291
183.0027322200409
156.69716015295236
690.3832269109672
630.2007616625039
581.5788854489131
580.5247626070743
556.0044963846965
572.4700865547475
606.1856151378058
658.1565163393886
687.0705931707455
699.837838359716
710.4378931335236
713.5404683688234
679.395319383347
631.8385869824666
622.3544006432348
608.946631487522
607.1391932662559
611.4351968933421
626.0071884571295
635.3243266238119
86.70063436907483
157.91770008456936
276.82666056577716
313.94904045083496
362.49275854836054
424.6751699828941
548.6656541100418
526.1349636737707
506.7800311772357
473.7699863857988
444.6706646496933
596.657355607052
539.8314551783733
473.91560430101896
421.96919318831794
490.2448367907611
555.6878620232765
194.3707796969493
137.43725841270262
124.01612798341996
153.68799562750502
173.0028901492689
179.20379460268134
748.0568160240236
683.1698178344825
628.4345630214812
620.6971886516001
590.4345857078496
597.1013314337861
622.2965530998866
680.9478687829194
717.4468621438107
735.9762224420025
752.1236600453412
762.4932786589007
734.1839006679457
676.2869213580875
660.9001437433647
641.4109447148528
627.1857778999776
644.2212352911071
664.7924488139137
679.856602527327
79.90619500389191
352.27829907617075
378.55646870711377
416.2523273208211
468.5851043300459
599.0701127580978
570.190319104069
543.0331481594839
503.8223893397355
467.941235626868
678.3782130935515
622.0972592770362
555.6302727533841
500.71249235464455
568.9578191746731
635.4462998554637
252.41434190631878
187.85632808079689
143.22360140703069
140.24621207005913
183.88311504866346
217.11057090800531
792.5667164346481
723.581370683353
663.509608069092
649.3458246574008
614.0439723668004
611.0720088500209
627.4790833167269
691.6162230601593
735.0108842731514
758.9795781178832
780.4415416929061
797.9855888423049
775.8769232294513
708.2972539831
687.3136110975834
662.1819991512907
636.1076952843756
665.2593479238003
691.3826726205973
711.9016786045669
394.989873287911
407.32542272733235
431.9317075649807
472.47116314120166
606.8475920690466
571.8356407220522
537.4085968795066
493.1287864239929
451.8605979724278
726.6759938239325
671.863081289633
604.8289014258495
545.3219232710161
612.7266927431838
680.3888594032093
280.93059641128445
216.5848563496534
155.80115532305913
123.5556554755791
178.80715869338118
230.7899477880265
791.5964881175257
719.1557550350271
654.5655047434137
634.4139027480403
594.9596624982235
583.3009514821658
591.8251430954923
659.775719468366
708.7115068912033
737.3418474493361
763.5286504120196
787.8185070179552
772.1657853077926
695.7542669649968
669.7230770997816
639.7265040624783
603.5229904485826
643.0031104123836
673.9028119840427
699.3461231750699
77.23341245859851
153.55129436120035
234.69128658729537
317.81283800375337
317.2081335653296
326.2590994899606
320.65713776555793
321.86487848163864
332.4349560440358
279.06450867138227
212.19095173922943
150.3362896974646
217.89217516927954
285.41198292993937
124.53513560437472
181.02486017119307
246.00203251192866
296.89223634174067
252.00992043965255
188.2153022471871
520.9548924811053
470.76321011735826
436.1249820865574
449.0545623863541
438.46322536787505
475.1431363284121
525.0238089839355
559.2468149216409
570.656639320003
571.0078808562978
570.1096385784053
559.1645553859794
515.2407204404559
488.9836398081228
492.03658400570174
492.1960991312304
517.3248495867949
493.85220461186566
495.00909082561304
492.15444730287663
76.32168761236873
157.45793088949188
248.29418035870273
242.42524621004307
249.09837414162303
244.23349483639626
248.67649667791284
343.28413887041154
296.84002425549016
234.35016535091245
165.14841809717706
222.92599668948438
289.8844597421531
127.12198865656563
192.41881404893857
251.745903640953
294.98474536829866
242.5077318355025
180.0499930574839
452.306312138135
398.19718733311015
360.347054934545
372.0013440835933
361.3377921004112
399.32192526832284
450.8713785549045
482.89336296950694
493.43895265777303
494.009109227755
494.0708451224379
485.5759466859947
444.41647134191595
413.03752856126766
415.0
415.0228909349459
442.08822648878584
416.6593332687989
418.01076541160995
416.26073559729366
81.15417426109393
186.40010729610646
171.1286066091815
173.0
169.1892431568863
179.17868176767013
370.8382396679177
332.4830822763769
277.2525924134885
209.60200380721554
253.12645061312736
314.4932431706602
168.12197952677099
229.2596780945136
278.19597409020855
311.4305701115419
255.66579747787932
201.94306128213466
388.2782507429434
329.07749847110483
286.5257405539684
296.06080456554866
285.1105048924013
324.7845439672276
378.4283287493155
407.56962595365223
417.1198868430993
418.1196001146084
419.6057673578856
414.58051087816466
377.4612562899668
338.82886535831034
339.0722636843067
338.74031351464504
368.2458417959394
340.3586343843799
342.1461675950792
342.12570789112004
135.32553343696821
101.82828683622247
92.13576938409967
92.78469701410896
117.06835610018618
411.8118502423164
381.849446771892
334.5878061137315
271.4498111990502
301.7830346457534
355.10561809129405
233.44592521609795
287.6421387766403
325.99539874053437
349.0057306119772
293.7635103276103
251.6445906432324
324.3732418064104
258.63101128828305
209.0956718825141
215.2812114421507
204.37710243566914
247.54191564258366
304.58168034207176
328.5620184987912
336.04315199093105
337.3336627139367
340.6537831875642
340.4776057246644
309.5238278388273
260.48608408128064
258.2789190003706
257.8158257361251
292.0359566902678
259.37231926325524
261.43067914841214
263.8787600395303
55.31726674375732
114.54256850621083
164.43843832875572
213.00234740490538
368.1222622988183
356.7408022640528
330.89273186336385
286.3983240174425
285.21220170252184
316.3115552742264
354.3585754571208
414.03502267320334
457.849320191698
483.5969396098367
428.04205400871535
382.21459940719166
204.01225453388824
155.63097378092831
143.38758663147937
181.23189564753773
203.48218595248088
269.23595599399425
335.1492204973779
328.5361471740971
307.36297760140206
287.6890682664185
270.65845636151846
245.58908770545975
197.52468200202222
193.00259065618783
217.0829334609241
242.88680491125902
313.29219588109754
242.53865671269807
218.29567105190154
195.3279293905508
59.22837157984339
110.0
159.53056133543816
413.01089574005186
396.4290604887588
363.61793135102675
311.85252925060587
321.0763149159402
359.2617430231056
333.7813655673426
389.31349835319094
427.375712927162
448.28785395100766
393.6495903719449
353.38930374305335
222.55111772354684
158.3445610054226
120.01666550941998
144.66858677681205
156.97452022541748
219.57231155134292
284.8876971720611
285.27180021866866
272.97618943783357
261.444066675838
254.03149411047443
243.57750306627253
208.20182516010757
173.0028901492689
185.16209115258988
202.05444810743464
264.55245226608656
202.31905496022858
187.25650856512306
176.00284088616297
53.36665625650534
104.04806581575652
463.14792453383615
442.1402492422512
403.54677547962143
346.23691311008423
364.3542232498479
408.1041533726409
320.12809936024047
369.4116944548453
399.892485550804
414.6058369101911
361.84527079955046
329.2779980502797
255.1960031034969
181.76083186429358
121.6552506059644
123.14625451064275
116.81181447096864
170.85666507338834
234.10467744152402
245.07957891264624
245.6175889467202
245.20399670478457
249.81593223811808
255.89450951515158
234.75945135393377
170.79227148791014
166.14752480852673
168.57639217873896
216.46246787838302
169.77926846349644
169.29559947027565
174.28998823799375
50.695167422546305
495.80036304948385
469.82549952083275
425.5091068355647
363.63718181726136
390.3460003637798
439.6691938264495
294.56747953567447
337.5574025258519
361.56603822815
371.5400382193015
320.6555784638714
294.659125092029
304.02138082707273
228.32652057962954
161.44348856488452
146.93195704134618
121.41251994749142
155.66630977832037
211.80415482232638
238.66294224282078
254.19677417308034
264.372842780797
278.4097699435133
295.0423698386386
281.4391586115905
204.47493733951845
187.52333188166213
175.231275747225
199.61963831246663
177.40631330367023
191.3243319601561
208.07931180201456
528.745685561594
498.6963003672676
449.86220112385524
384.87660360172583
418.54987755344047
472.0857972868915
276.1159176867571
311.2956793789467
327.7560068099439
332.27699288394916
284.05985284795173
266.101484400219
352.13207749365864
275.4360179787676
205.7619984350852
182.62803727796015
146.4137971640651
159.07859692617356
203.364205306637
245.09997960016236
273.4410356914265
291.92636057745796
312.8226334522488
336.7729205265768
328.28341414089135
244.0491753725056
219.4196891803468
196.74348782107123
197.7725966861941
199.55199823604875
223.5106261456041
247.63077353188558
57.77542730261716
122.78436382536663
183.02458851203573
120.41594578792295
56.824290580701486
454.0704791108975
513.389715518338
578.22141087995
628.0286617663241
579.9396520328645
515.7072813137313
492.4520281205064
491.48855530927676
507.35589086951575
549.131131880173
569.642870577698
632.1787721839448
696.8019804793898
696.4553108419807
673.3275577310051
647.4109977440914
619.4271547163556
572.3250824487775
507.60811656237337
551.2204640613409
582.9828470890031
611.0057282873869
677.4082963767125
610.6562044227504
583.702835353744
552.7431591616489
67.06713054842886
132.5745073534124
80.2122185206219
50.08991914547278
402.1964694027037
460.00978250467676
525.0466645927769
575.7308398896137
528.9725890818919
464.69775123191636
501.8814601078625
491.85871955267805
499.29550368494205
537.420691823454
553.2061098722609
612.8295032062343
676.1042818974008
681.6920125687259
664.1024017423819
642.2250384405766
618.3655876583043
576.5223326116691
513.6925150320958
546.1446694787014
573.7848028660222
597.7039400907443
658.391980510091
597.6897188341121
574.913036902104
548.0009124079995
69.35416353759881
50.039984012787215
87.80091115700337
335.72607882021913
393.04579885809744
458.10915729769033
509.006876181452
462.77640389285193
398.5398348973412
496.73433543494855
476.4000419815263
474.14132914142806
507.66622893393253
518.0974811751163
574.0400682879201
635.4407918917387
647.2356603278283
635.7814089763871
618.5668920981789
599.58152072925
564.2269047112163
504.46208975501816
523.6792911697005
546.3744137493995
565.533376557034
619.6014848271427
565.8842637854493
547.9425152331219
525.8868699634932
68.30812543175226
135.14806694880988
271.0461215365385
330.80054413498175
395.4566980087706
445.0101122446545
397.13473784094987
332.86633954186476
468.3855249684815
438.4803302315852
427.35465365431554
456.4832965180654
462.4294540792141
515.1931676565597
574.9791300560395
591.249524312705
584.7392581313486
571.5811403466703
557.0493694458329
528.0321959880855
472.01694884823786
478.6585421780332
496.79875201131495
511.8456798684541
560.5283222103947
512.4890242727155
498.7273804394541
481.15382155813745
68.06614430096654
336.3807366660582
397.44307768534605
461.7358552246078
510.31754819915807
461.0878441251732
397.0113348507823
446.94183066703437
428.08527187933015
428.5907138518052
464.00969817451016
477.0712735011405
535.2102390649865
597.8603515872247
606.0115510450275
591.6840373036947
572.7032390339695
552.2264028457894
515.4027551342737
455.10658092363377
477.30074376644336
501.7977680301099
523.0716968064703
580.8149447113082
523.2485069257245
503.1947932957971
479.40066750057827
404.4465354036303
465.37941510126984
529.7480533234643
578.3813620786894
529.0340253707695
465.0
453.49531419850416
446.23984582284896
457.4068211122348
497.5399481448701
516.1879502661797
577.8035998503298
642.0669746996804
643.7491747567526
623.0128409591571
599.1276992428242
573.467523056014
529.6838679816481
466.20274559466077
502.8846786292062
532.5861432669836
558.8103434976844
623.1733306231903
558.6000358037941
533.5035145151342
504.5909234221321
65.30696746902278
126.30122723077555
174.01149387324966
127.47548783981962
63.89053137985315
554.7008202625989
491.78145552674107
441.02834376035287
439.31879085693566
415.43832273876706
435.01034470458285
472.97885787844683
521.0009596920144
547.1179031982047
558.8175015154769
569.2890302825094
573.6967840244531
541.9538725758863
490.9175083453431
481.1912301777745
468.6704599182671
471.6630152979985
471.08067249676037
484.83089835529256
494.4178394839733
65.12296062065974
117.90250209389112
84.64632301523794
47.042533945356304
611.6011772388931
545.9267350112101
491.06516879127156
484.3345950889736
455.7630963559906
467.1327434466567
498.0361432667312
552.2689562160814
584.7366928797952
600.9658892150203
615.5818385885016
625.0671963877164
597.1440362257669
539.1892061234164
525.0238089839355
507.6307713289256
500.15697535873676
510.31362905570137
528.8553677519025
542.7504030399241
54.62600113499065
49.01020301937138
76.27581530209953
649.5821734007177
580.3593714242926
520.5862080385918
507.76470928964727
474.1698008097943
476.24573488903815
499.07614649470077
559.1511423577707
598.3059418056953
619.636183578719
639.1509993733875
655.1030453295115
632.6784333292861
565.946993984419
546.517154351078
523.6831102871278
504.8029318456857
526.6393452828985
550.5315613114293
569.548066452692
55.94640292279746
114.93476410555685
668.3240232102988
596.3530833323493
532.7682422967796
514.7785931835161
477.31017169132275
471.4848884110709
487.2627627882106
551.5015865797668
595.9077109754496
621.4121015879881
645.0193795538239
666.5733267990852
649.2780606180992
575.2356039050434
551.4172648729816
524.1717275855309
495.913298873906
527.3262747104491
555.5474777190515
578.83762835531
64.28063471995279
614.4859640382358
543.3681992903155
481.202660009273
465.6189429136233
430.21971131039544
429.51600668659603
450.78708943358174
511.75384707884706
552.4382318413526
575.3060055309696
596.6070733740927
615.4494292791244
596.1241481436564
525.0238089839355
503.4332130481659
478.750456918842
457.07329827938975
481.7852218572089
507.50467978137897
528.629359759747
575.9105833373789
508.11908053132584
450.75048530201275
441.5891755919749
411.41827864109297
420.89428601490897
451.07094785632114
505.8141951349329
539.4070818964096
556.8922696536557
573.0619512757761
585.1580982948112
560.0
497.77304065206266
481.6980381940537
462.76776032908776
453.43136195018536
465.5201391991543
485.59345135617303
501.3551635318021
78.0
151.56846637740978
195.72429588581997
245.56872765073325
305.19665791092797
360.0888779176608
311.6360056219435
253.30021713374035
205.91260281974002
158.2940302096071
91.43850392476902
32.38826948140329
141.0
191.06543381784158
241.0082986123092
332.12196554880256
238.03361107205006
188.17013578142522
139.0323703315167
73.68174807915459
120.26637102698326
169.43435306926398
232.01939574095957
290.4961273407961
250.353749722268
201.357890334598
162.64070831129578
128.1288414058287
90.0499861188218
53.150729063673246
75.23961722390672
124.04031602668546
172.00290695217916
262.90872941003687
169.44615663980107
122.06555615733703
74.68600939935136
52.20153254455275
98.00510190801293
164.07315441594946
226.37358503146962
198.59506539690256
166.01204775557707
144.51643505151932
134.13426109685773
134.52880732393342
124.35433245367851
53.009433122794285
75.92759709091287
113.25193155085701
199.85995096566995
111.64676439557037
76.40026177965623
56.08029957123981
50.0
112.53888216967503
174.18381095842403
149.68299836654796
128.3160161476345
122.06555615733703
131.51805959639154
157.26728839781018
165.67739737212196
63.60031446463138
43.01162633521314
63.25345840347388
147.6787053031005
62.289646009589745
46.17358552246078
67.00746227100382
68.70953354520753
134.16407864998737
129.1394595001853
133.0
145.60219778561037
168.8342382338369
204.41379601191306
215.6687274502263
111.8257573191436
75.16648189186454
54.00925846556311
110.38568747804219
56.0357029044876
79.39773296511683
115.00434774390054
66.03786792439622
86.02325267042627
125.53883861180172
160.55217220579732
199.71980372511885
250.5873101336139
273.87588429797904
165.22106403240477
117.44360348695028
69.35416353759881
45.60701700396552
72.91776189653656
121.16517651536682
167.70509831248424
74.27651041883968
140.45995870709916
188.04254837669055
235.5949914577982
295.6095397648729
328.01371922527875
219.14607000811125
169.0266251216062
119.15116449284078
28.0178514522438
122.06555615733703
172.0
221.05655384991417
69.57010852370435
120.61923561356207
171.41761869772895
237.00210969525145
279.2704782106408
175.231275747225
127.04723531033645
86.45229898620394
56.356011214421486
87.45856161634491
128.5496013218244
176.13914953808538
52.08646657242167
104.0
172.28464818433474
221.44976857066254
127.91403363196706
90.4267659490264
79.00632886041473
116.82465493208187
77.02596964660685
89.62700485902673
127.61269529321916
52.08646657242167
121.39604606411199
174.86280336309378
96.25487000666512
79.05694150420949
97.63708311906906
162.3607095328177
94.33981132056604
76.0
94.66784036831093
70.21395872616783
128.80993750483694
81.15417426109393
93.81364506296512
131.40015220691336
208.806130178211
127.80062597655773
89.62700485902673
78.05767098754612
66.2872536767062
93.72299611087985
133.82451195502264
181.51583952922675
267.89923478800756
178.03651310896873
129.86531484580476
90.27181176868004
109.1146186356347
159.0
209.02152999152983
300.0266654815868
206.0024271701671
156.02884348735012
107.01868995647442
50.24937810560445
100.0199980003999
191.21192431435858
97.082439194738
47.67598976424087
3.605551275463989
50.08991914547278
141.05672617780408
47.01063709417264
4.242640687119285
52.03844732503075
91.26883367283708
3.605551275463989
53.33854141237835
102.00490184299969
94.13288479590966
144.00347218036097
193.0932417253385
50.15974481593781
99.00505037623081
49.25444142409901
