17.029386365926403
33.015148038438355
49.16299421312742
63.63961030678928
78.85429601486528
91.39474820797966
103.46980235798269
112.8716084761797
120.80149005703531
124.48293055676348
128.68954891520912
130.6981254647518
128.86038956948718
126.82665335015349
124.95199078045935
123.14625451064275
16.401219466856727
28.319604517012593
39.824615503479755
50.11985634456667
58.52349955359813
74.21590126111789
86.83317338436964
98.48857801796105
108.50345616615168
114.35471131527551
64.1248781675256
63.387695966961914
64.28841264178172
68.0294054067798
60.60528029800704
67.42403132415029
72.94518489934754
78.39005038906404
84.07734534343957
25.0
32.14031735997639
40.11234224026316
48.010415536631214
40.11234224026316
31.144823004794873
79.02531240052139
86.02325267042627
94.00531899844816
100.0199980003999
94.13288479590966
86.14522621712709
69.9714227381436
71.06335201775947
74.96665925596525
81.46778504415104
86.21484790916237
94.40338976964757
103.81233067415451
99.90495483208028
96.17692030835673
90.78546139112804
86.40023148117139
79.32212806020776
72.11102550927978
79.98124780221924
85.56284240252891
90.02777349240623
100.60318086422517
89.27485648266257
84.8528137423857
79.30952023559341
16.1245154965971
32.38826948140329
47.07440918375928
62.6418390534633
75.76938695805846
88.58893836140041
99.04544411531506
108.30050784737807
113.56936206565572
119.57006314291216
123.48279232346505
123.664869708418
123.79418403139947
124.10076550932311
124.4869471069156
31.953090617340916
42.941821107167776
52.80151512977634
60.876925020897694
67.11929677819934
80.95677859203639
93.5200513259055
104.546640309481
113.52973178863765
117.90250209389112
68.30812543175226
64.77653896280658
63.0
63.953107821277925
52.92447448959697
60.166435825965294
66.12866246946176
72.42237223399962
78.84795495128583
31.064449134018133
38.58756276314948
45.617978911828175
51.54609587543949
43.32435804486894
34.92849839314596
81.39410298049853
89.05054744357274
96.6902270139025
102.1077861869505
95.75489543621255
87.82368700982668
56.72741841473134
59.665735560705194
65.19202405202648
72.20110802473879
77.82673062643708
86.31338250816034
95.71311299921238
90.4267659490264
85.60373823613078
79.39773296511683
74.24957912338628
66.52818951391959
59.413803110051795
69.20260110718382
75.45197147855052
80.77747210701756
92.17917335276988
79.92496481075234
74.63243262818116
68.41052550594829
16.278820596099706
31.04834939252005
46.8187996428785
60.37383539249432
73.78346698278686
85.14693182963201
95.58765610684259
102.34256201600583
110.02272492535349
115.7410903698423
117.88553770501282
120.10412149464314
122.494897852931
124.95199078045935
46.87216658103186
56.92099788303083
65.29931086925804
71.40028011149536
75.66372975210778
87.41853350405736
99.56907150315303
109.77249200050075
117.63077828527702
120.55289295574785
73.06161783043132
67.23094525588644
63.06346010171025
61.204574992397426
47.16990566028302
54.3323108288245
60.40695324215582
67.26812023536856
74.16872656315464
40.80441152620633
47.50789408087881
53.075418038862395
56.859475903318
49.20365840057018
42.42640687119285
83.93449827097318
91.92388155425118
99.02019995940222
103.74005976477939
97.12363255150623
89.49301648732151
44.204072210600685
49.193495504995376
56.302753041036986
63.56886030125127
69.92138442565336
78.44743462982075
87.5956619930462
81.02468759581859
75.17978451685
68.26419266350405
62.42595614005443
54.20332093147061
47.43416490252569
59.033888572581766
65.79513659838392
71.8679344353238
83.81527307120105
70.9365914038728
64.88451279003334
58.137767414994535
14.866068747318506
30.870698080866262
44.94441010848846
59.033888572581766
71.449282711585
83.23460818673925
91.67878707749138
101.19288512538814
108.85311203635843
113.11056537742175
117.51595636338071
122.0245876862528
126.53062870309307
62.289646009589745
71.58910531638176
78.77182237323191
83.24061508662703
85.80209787645055
95.46203433826454
106.96261028976434
116.21101496846157
122.87391912037315
124.35433245367851
80.05623023850174
72.42237223399962
66.24198064671678
61.68468205316454
45.60701700396552
51.97114584074513
57.706152185014034
64.77653896280658
71.84705978674423
53.31041174104736
59.0592922409336
63.245553203367585
65.11528238439882
58.412327466040935
53.33854141237835
88.50988645343524
96.56603957913983
102.95630140987001
106.88779163215975
100.17983829094555
93.05912099305473
33.83784863137726
41.43669871020132
50.08991914547278
57.21887800367987
64.1248781675256
72.3394774656273
80.89499366462674
73.00684899377592
66.09841147864296
58.52349955359813
52.0
43.46262762420146
37.64306044943742
50.99019513592785
58.05170109479997
64.77653896280658
76.94153624668537
63.788713735268246
57.0701322935211
50.00999900019995
16.1245154965971
30.610455730027933
45.254833995939045
58.60034129593445
71.58910531638176
81.59656855530139
92.76313923105448
102.17631819555841
108.37435120913067
114.75626344561765
121.1486689980538
127.45587471748802
76.00657866263946
84.5931439302264
90.70832376358854
93.77632963600144
94.89467845985885
102.61578825892242
113.35784048754634
121.63058825805291
127.1416532848303
127.31457104353767
86.68333173107735
77.79460135510689
70.178344238091
63.51377803280167
46.87216658103186
51.884487084291386
56.859475903318
63.694583757176716
70.57619995437555
65.0
69.8927750200262
72.91776189653656
73.24616030891995
67.53517601961218
63.90618123468183
92.84934033152847
100.7670581092849
106.40018796975878
109.55363982999378
102.90286682109493
96.40020746865642
27.16615541441225
36.87817782917155
46.32493928760188
52.773099207835045
59.841457201508724
67.36467917239716
75.02666192761077
66.06814663663572
58.309518948453004
50.35871324805669
43.41658669218482
35.12833614050059
31.144823004794873
45.17742799230607
52.08646657242167
59.135437767890075
71.02816342831905
58.137767414994535
51.088159097779204
44.181444068749045
14.866068747318506
30.0
44.294469180700204
58.52349955359813
70.21395872616783
83.09632964216891
94.33981132056604
102.61091559868278
111.07204868912791
119.41942890501528
127.58134659894448
90.27181176868004
98.02040603874276
102.95630140987001
104.546640309481
104.17773274553444
109.77249200050075
119.54078801814885
126.65701717630967
130.86252328302402
129.634100452003
93.64827814754524
83.7615663654877
75.0
66.52818951391959
50.60632371551998
53.74011537017761
57.48912940721924
63.60031446463138
69.8927750200262
77.41446893184762
81.39410298049853
83.24061508662703
82.0792300158816
77.4919350642375
75.31268153505093
97.30878685915265
104.89041900955492
109.60383204979651
111.8659912573969
105.41821474489122
99.72462083156798
25.495097567963924
35.608987629529715
44.654227123532216
49.64876634922564
56.36488268416781
62.625873247404705
68.8839603971781
59.033888572581766
50.635955604688654
42.7551166528639
35.90264614203248
29.154759474226502
28.600699292150182
41.14608122288197
47.16990566028302
54.08326913195984
65.0
53.14132102234569
46.238512086787566
40.24922359499622
15.264337522473747
30.083217912982647
45.12205669071391
58.077534382926416
72.24956747275377
84.92938243034621
94.92101980067429
105.11898020814318
115.10864433221339
124.84390253432484
101.6070863670443
108.37435120913067
112.04017136723775
112.14722466472365
110.35397591387454
113.84638773364749
122.54386969571347
128.47178678604885
131.40015220691336
128.8875478857442
97.86214794290998
87.32124598286491
77.82030583337487
68.09552114493287
53.85164807134504
55.072679252057455
57.42821606144492
62.48199740725323
67.89698078707183
87.05170877128145
90.08884503644167
90.79647570252934
88.29496021857646
84.8528137423857
84.0535543567314
99.12618221237011
106.23088063270491
110.0
111.39569111954016
105.26157893552613
100.43903623591775
28.160255680657446
36.235341863986875
43.60045871318328
46.66904755831214
52.49761899362675
57.14017850864661
61.741396161732524
51.478150704935004
42.95346318982906
35.84689665786984
30.0
26.40075756488817
29.546573405388315
38.2099463490856
42.638011210655684
48.82622246293481
58.137767414994535
48.010415536631214
41.86884283091664
37.53664875824692
15.297058540778355
31.064449134018133
45.27692569068709
60.63827174318213
74.67261881037788
86.35392289873113
98.22932352408826
109.78615577567146
121.01652779682617
112.36102527122117
118.06777714516353
120.41594578792295
119.03780911962384
115.84903970253703
117.17508267545622
124.65151423067431
129.28263611173776
130.86252328302402
127.06297651164952
101.6366075781753
90.70832376358854
80.77747210701756
70.21395872616783
58.42088667591412
57.723478758647246
58.52349955359813
62.16912416947821
66.37017402418047
96.33794683301072
98.41239759298622
98.00510190801293
94.26027795418386
92.00543462209176
92.5418824100742
100.46392387319938
106.92988356862641
109.65856099730654
110.13627921806692
104.44615837837216
100.62305898749054
35.35533905932738
40.19950248448356
44.9221548904324
45.617978911828175
49.92995093127971
52.40229002629561
54.817880294662984
44.68780594300866
36.76955262170047
31.622776601683793
28.231188426986208
29.154759474226502
35.014282800023196
38.27531841800928
40.311288741492746
45.0
51.73973328110612
44.40720662234904
39.824615503479755
37.94733192202055
16.0312195418814
31.04834939252005
47.16990566028302
62.177166226839255
75.21303078589507
88.45903006477066
101.31633629380802
113.81124724736128
120.15406776301833
124.61942063739504
125.51493934986385
122.58874336577564
118.00423721205946
117.09824934643558
123.2233744059949
126.49110640673517
126.7162183779172
121.70866854912184
102.3132444994293
91.26883367283708
81.2219182240853
70.25667228100119
61.5223536610881
59.00847396772772
58.215118311311535
60.207972893961475
62.93647591023825
102.7861858422619
103.81233067415451
102.25947388873072
97.32933781753577
96.33794683301072
98.2344135219425
98.71676655968832
104.4030650891055
106.04244433244644
105.60303025955268
100.46392387319938
97.71898484941399
42.941821107167776
44.384682042344295
46.04345773288535
44.28317965096906
46.57252408878007
46.51881339845203
46.400431032480725
37.21558813185679
31.016124838541646
29.154759474226502
29.274562336608895
34.17601498127012
41.23105625617661
39.05124837953327
38.3275357934736
40.80441152620633
44.10215414239989
40.52159917870962
38.2099463490856
39.11521443121589
15.652475842498529
32.2490309931942
48.010415536631214
62.24146527838174
76.69419795525604
90.69729874698585
104.31682510506155
126.26955294131677
129.3560976529518
128.70508925446578
124.19742348374221
118.2285921425101
115.0
119.60351165413162
121.39604606411199
120.20815280171308
114.0175425099138
101.31633629380802
90.44888059008801
80.62257748298549
69.72087205421343
64.62197768561404
60.440052945046304
58.05170109479997
58.137767414994535
59.07622195096772
107.78682665335315
107.70329614269008
104.9952379872535
98.95453501482385
99.29753269845128
102.55242561733974
95.25754563287887
99.98499887483122
100.43903623591775
99.04039579888602
94.59386872308374
93.05912099305473
51.62363799656123
49.92995093127971
48.46648326421054
44.384682042344295
44.181444068749045
41.19465984809196
37.94733192202055
31.144823004794873
28.442925306655784
30.870698080866262
34.40930106817051
41.773197148410844
48.91829923454004
42.04759208325728
38.600518131237564
38.2099463490856
36.87817782917155
38.3275357934736
38.897300677553446
42.485291572496
16.64331697709324
32.64965543462902
47.50789408087881
62.68173577685928
77.41446893184762
91.7877987534291
128.00390619039717
129.65338406690356
127.47548783981962
121.49074038789952
114.28473213863697
108.90362712049586
112.01785571952357
112.44554237496477
110.02272492535349
102.88342918079665
96.54014708917737
86.1278120005379
76.84399781375251
66.48308055437865
65.21502894272147
59.682493245507096
55.90169943749474
54.08326913195984
53.150729063673246
108.72442227944924
107.54068997360952
103.75451797391764
96.77293009927931
98.41239759298622
102.9271587094485
88.2779700718135
92.0
91.35097153287424
89.10667763978185
85.37564055396598
85.0
58.309518948453004
53.907327887774215
49.678969393496885
43.829214001622255
41.14608122288197
35.4400902933387
29.068883707497267
26.40075756488817
28.319604517012593
34.20526275297414
39.96248240537617
48.373546489791295
54.91812087098393
44.553338819890925
39.05124837953327
35.84689665786984
29.614185789921695
36.359317925395686
39.698866482558415
45.27692569068709
16.278820596099706
31.906112267087632
47.853944456021594
63.324560795950255
78.44743462982075
130.13838787997952
130.24976007655445
126.4792473095883
119.0
110.57124400132251
102.88342918079665
104.23531071570709
103.07764064044152
99.24716620639605
91.0823802938856
92.30926280715278
82.73451516749222
74.43117626371358
65.21502894272147
68.11754546370561
61.554853586049575
56.586217403180434
52.80151512977634
49.73932046178355
110.39021695784459
108.07404868885037
103.22790320451152
95.4148835350125
98.40731680114035
104.1393297462587
81.74350127074322
84.17244204607586
82.21921916437786
79.0
76.23647421018367
77.27871634544663
67.35725647619564
60.83584469702052
54.378304497290095
47.43416490252569
42.5205832509386
34.655446902326915
25.612496949731394
29.154759474226502
35.11409973215888
42.720018726587654
49.47726750741192
57.97413216254298
63.56886030125127
50.99019513592785
44.294469180700204
38.8329756778952
28.284271247461902
39.66106403010388
45.17742799230607
51.894122981316485
16.15549442140351
32.57299494980466
48.507731342539614
64.13267497929586
130.09611831257686
128.70120434556935
123.43419299367578
114.62111498323509
105.152270541344
95.34149149242423
94.92101980067429
92.22797840135064
87.09190547921202
78.05767098754612
86.82165628459296
78.40918313565064
71.449282711585
63.89053137985315
70.66116330771806
63.52952069707436
57.8013840664737
52.43090691567332
47.50789408087881
110.25878649794764
106.88779163215975
101.11874208078342
92.69843580125827
96.93812459502195
103.71113729971339
74.24957912338628
75.27283706623525
72.03471385380801
67.89698078707183
66.21933252457322
68.70953354520753
75.53806987208503
67.468511173732
59.481089431852205
52.20153254455275
45.880278987817846
37.33630940518894
28.160255680657446
36.124783736376884
44.0
52.0
59.0
67.06713054842886
71.56814934033156
57.87054518492115
50.80354318352215
44.14748010928823
32.01562118716424
45.12205669071391
51.78802950489621
58.855755878248644
16.492422502470642
32.55764119219941
48.373546489791295
126.24579200908045
123.40583454602137
116.77756633874505
106.83164325236227
96.54014708917737
84.90583018850944
82.85529554590944
78.84795495128583
72.69112738154499
63.071388124885914
78.56844150166147
71.58910531638176
66.2872536767062
60.83584469702052
71.06335201775947
63.788713735268246
57.723478758647246
51.24451190127583
44.94441010848846
106.6770828247567
102.34256201600583
95.80187889597991
87.00574693662483
92.35799911215054
99.98499887483122
64.40496875241847
64.00781202322104
59.61543424315552
54.70831746635972
54.12947441089743
57.982756057296896
81.2219182240853
72.00694410957877
63.0317380372777
56.0
49.01020301937138
41.048751503547585
33.734255586866
43.68065933568311
52.20153254455275
59.90826320300064
66.70832032063167
73.97972695272672
77.23341245859851
63.198101237299845
56.32051136131489
49.25444142409901
37.656340767525464
50.24937810560445
57.3149195236284
64.19501538281614
16.1245154965971
32.0624390837628
122.15563842901399
117.83462988442744
109.85900054160332
98.85848471426213
87.86353054595519
74.41102068914255
70.49113419430843
65.0
57.723478758647246
47.51841748206689
70.80254232723568
65.76473218982953
62.625873247404705
59.841457201508724
73.00684899377592
66.007575322837
60.03332407921454
53.009433122794285
46.0
103.24727599312246
97.98979538707079
90.78546139112804
81.8413098624405
88.23831367382311
96.56603957913983
55.31726674375732
53.150729063673246
47.43416490252569
41.677331968349414
42.638011210655684
48.104053883222775
87.80091115700337
77.87810988975015
68.4470598345904
62.0966987850401
55.08175741568164
48.46648326421054
43.56604182158393
53.85164807134504
62.26556030423239
69.31810730249349
75.64390259630977
81.93289937503738
83.93449827097318
70.21395872616783
63.90618123468183
57.0087712549569
47.01063709417264
57.9396237474839
64.8459713474939
71.16881339463234
16.0
118.29623831720095
112.53888216967503
103.31021246711285
91.4166286842826
79.92496481075234
64.81512169239521
58.7962583843564
51.62363799656123
43.08131845707603
32.28002478313795
64.47480127925948
61.84658438426491
61.204574992397426
61.29437168288782
76.48529270389177
70.09279563550022
64.5600495662759
57.56735185849702
50.59644256269407
100.43903623591775
94.37160589923221
86.68333173107735
77.88452991448301
85.14693182963201
93.94147114027967
48.33218389437829
44.10215414239989
37.013511046643494
30.479501308256342
33.61547262794322
40.718546143004666
94.93682109698007
84.69356528095862
75.23961722390672
69.77105417004964
63.13477647065839
58.008620049092706
55.154328932550705
65.11528238439882
73.10950690573696
79.40403012442127
85.14693182963201
90.4267659490264
91.28526715741155
78.29431652425353
72.71863585079137
66.2872536767062
58.05170109479997
67.11929677819934
73.57309290766564
79.17701686727027
114.58621208504974
107.44766167767449
97.082439194738
84.50443775329198
72.80109889280519
56.36488268416781
48.010415536631214
38.897300677553446
28.844410203711913
17.4928556845359
59.841457201508724
60.00833275470999
61.98386886924694
64.8459713474939
81.15417426109393
75.58438992278762
70.71067811865476
64.1404708432983
57.688820407423826
98.18350166906862
91.44397191723465
83.48652585896721
75.16648189186454
83.05419917138447
92.04890004774636
44.181444068749045
37.8549864614954
29.832867780352597
23.345235059857504
29.017236257093817
37.013511046643494
102.39628899525607
92.11405973031478
82.92767933567175
78.40918313565064
72.34638899074369
68.62215385719105
67.42403132415029
76.83749084919418
84.29116205154607
89.80534505250787
94.92101980067429
99.20181449953424
99.02019995940222
87.00574693662483
82.21921916437786
76.38062581571324
69.81403870282824
77.10382610480494
82.97590011563598
87.80091115700337
12.041594578792296
24.186773244895647
35.73513677041127
45.5411901469428
62.20128616033595
74.54528824815154
86.46964785403026
97.12878049270464
104.0768946500615
54.74486277268398
56.64803615307419
60.03332407921454
66.21933252457322
62.80127387243033
68.76772498781678
73.55270219373317
77.89736837660179
82.61961026293939
19.849433241279208
24.166091947189145
31.622776601683793
40.496913462633174
34.0
26.40075756488817
70.61161377563892
76.79192665899195
84.8528137423857
91.2414379544733
85.90692637965812
78.10249675906654
77.4919350642375
76.47875521999558
78.49203781276162
84.20213774008353
87.86353054595519
95.4829827770373
104.65180361560904
102.30347012687302
99.86490875177326
95.524865872714
92.13034245024816
86.00581375697809
78.92401408950256
84.38009243891595
89.05054744357274
92.45539465060976
101.86265262597475
91.8313671900838
88.48163651289458
83.86298349093002
12.649110640673518
25.179356624028344
36.013886210738214
53.08483775994799
65.00769185258002
77.00649323271382
88.05112151472007
95.75489543621255
48.104053883222775
52.15361924162119
57.38466694161429
65.19202405202648
64.8459713474939
69.9714227381436
74.06078584514209
77.46612162745726
81.34494452638098
21.840329667841555
22.20360331117452
27.65863337187866
36.40054944640259
31.89043743820395
26.832815729997478
64.25729530566937
69.6419413859206
77.62087348130012
84.20213774008353
79.37883848986453
71.8679344353238
82.76472678623425
80.32434251209281
80.95677859203639
85.95929269136641
88.75246475450696
95.80187889597991
104.63746938836012
103.46496991735899
102.0
98.48857801796105
95.85927185202274
90.52071586106685
83.67795408588812
87.32124598286491
91.2414379544733
93.81364506296512
102.20078277586722
93.29523031752481
90.78546139112804
86.92525524840292
13.038404810405298
24.515301344262525
41.593268686170845
53.08483775994799
65.06919393998976
76.32168761236873
84.52810183601665
39.11521443121589
45.254833995939045
52.20153254455275
61.40032573203501
64.28841264178172
68.35202996254024
71.58910531638176
73.92563831310488
76.84399781375251
25.709920264364882
22.02271554554524
23.769728648009426
31.064449134018133
29.410882339705484
28.0
55.072679252057455
59.61543424315552
67.4166151627327
74.09453421137081
69.77822009767804
62.64982043070834
85.14693182963201
81.21576201698781
80.36168241145776
84.50443775329198
86.33075929238663
92.66067126888301
101.01980003939822
101.07917688624102
100.65783625729296
98.08159868191383
96.317184344228
91.92388155425118
85.47514258543241
87.09190547921202
90.13878188659973
91.7877987534291
98.97979591815695
91.3892772703669
89.81091247727082
86.83317338436964
11.704699910719626
28.635642126552707
40.049968789001575
52.03844732503075
63.28506932918696
71.58910531638176
28.284271247461902
36.359317925395686
44.77722635447622
55.02726596879042
61.1310068623117
63.953107821277925
66.21933252457322
67.4166151627327
69.31810730249349
30.610455730027933
24.186773244895647
21.37755832643195
25.317977802344327
27.294688127912362
29.966648127543394
43.60045871318328
47.41307836451879
55.036351623268054
61.741396161732524
57.8013840664737
51.03920062069938
84.38009243891595
79.00632886041473
76.6550715869472
79.83107164506812
80.65358020571685
86.16263691415206
93.94147114027967
95.1892851112981
95.80187889597991
94.2019108086455
93.34345183246653
90.0
84.09518416651456
83.60023923410746
85.70297544426332
86.40023148117139
92.30926280715278
86.1278120005379
85.5102333057278
83.48652585896721
17.11724276862369
29.068883707497267
41.048751503547585
52.03844732503075
60.01666435249463
18.35755975068582
28.160255680657446
37.656340767525464
48.507731342539614
57.42821606144492
59.0
60.29925372672534
60.41522986797286
61.35144660071187
36.05551275463989
28.600699292150182
22.67156809750927
22.135943621178654
27.459060435491963
33.24154027718932
32.55764119219941
35.84689665786984
43.382023926967726
50.08991914547278
46.32493928760188
39.824615503479755
82.22530024268686
75.66372975210778
72.00694410957877
74.24284477308234
74.14849964766651
78.84795495128583
86.03487664894976
88.29496021857646
89.80534505250787
89.08984229416954
89.05054744357274
86.70063436907483
81.39410298049853
79.00632886041473
80.22468448052632
80.06247560499239
84.77027781009096
79.90619500389191
80.15609770940699
79.02531240052139
12.649110640673518
24.331050121192877
35.0
42.95346318982906
16.1245154965971
26.570660511172846
36.40054944640259
47.07440918375928
60.00833275470999
59.481089431852205
59.033888572581766
57.14017850864661
56.08029957123981
50.32891812864648
42.720018726587654
35.34119409414458
30.610455730027933
38.27531841800928
46.06517122512408
21.18962010041709
21.2602916254693
27.80287754891569
34.40930106817051
31.827660925679098
26.92582403567252
85.90692637965812
77.83315488916018
72.27724399837061
72.83543093852057
71.11258679024411
74.10802925459562
79.90619500389191
84.0535543567314
87.14355971613737
87.96590248499699
89.26925562588724
88.54377448471462
84.30895563343196
79.07591289387686
78.77182237323191
77.10382610480494
79.40403012442127
77.1621668954417
78.91767862779544
79.30952023559341
12.0
23.345235059857504
32.69556544854363
26.90724809414742
35.805027579936315
44.77722635447622
54.62600113499065
69.1158447825099
67.54257916307313
66.12866246946176
63.06346010171025
60.67124524847005
62.96824596572466
55.362442142665635
47.92702786528704
42.720018726587654
50.60632371551998
58.60034129593445
24.515301344262525
20.09975124224178
23.259406699226016
28.844410203711913
28.792360097775937
27.073972741361768
95.01578816175763
86.31338250816034
79.84985911070852
79.40403012442127
76.68767828015137
78.40918313565064
83.0
88.45903006477066
92.57429448826494
94.37160589923221
96.46242791885346
96.66436778875658
93.05912099305473
86.37708029332781
85.16454661418682
82.56512580987206
83.09632964216891
82.76472678623425
85.44003745317531
86.7294644281861
11.704699910719626
22.20360331117452
36.71511950137164
43.93176527297759
51.73973328110612
60.4648658313239
76.05918747922567
73.49829930005184
71.19691004531025
67.11929677819934
63.56886030125127
74.33034373659252
66.76076692189807
59.135437767890075
53.225933528685054
61.326992425847855
69.6419413859206
29.410882339705484
22.360679774997898
21.095023109728988
24.331050121192877
27.073972741361768
28.792360097775937
101.6070863670443
92.35799911215054
85.0881895447306
83.6719785830358
80.05623023850174
80.52328855678958
83.86298349093002
90.47098982546837
95.50916186418976
98.2344135219425
101.07917688624102
102.2154587134451
99.29753269845128
91.2414379544733
89.15716460273958
85.70297544426332
84.52810183601665
86.03487664894976
89.55445270895244
91.706052144883
11.40175425099138
45.221676218380054
50.60632371551998
57.0087712549569
64.35060217278468
80.65977932030313
77.15568676384133
74.02702209328699
69.06518659932803
64.4980619863884
83.95236744726142
76.48529270389177
68.65857557508748
61.98386886924694
70.21395872616783
78.84795495128583
34.40930106817051
26.40075756488817
21.400934559032695
21.18962010041709
26.419689627245813
31.144823004794873
105.47511554864494
95.77577981932593
87.80091115700337
85.44003745317531
81.00617260431454
80.23091673413684
82.28000972289685
89.88882021697692
95.75489543621255
99.36297097007517
102.9271587094485
105.0
102.82509421342633
93.47726996441435
90.55385138137417
86.31338250816034
83.48652585896721
86.76981041814025
91.0659101969557
94.04786015641186
50.24937810560445
53.45091205957107
58.137767414994535
63.8200595424354
80.44874144447506
76.05918747922567
72.18032973047436
66.48308055437865
61.07372593840988
89.45389874119518
82.21921916437786
74.24284477308234
66.75327707311455
74.96665925596525
83.86298349093002
36.68787265568828
28.861739379323623
21.540659228538015
17.804493814764857
24.413111231467404
31.304951684997057
104.1393297462587
94.11163583744573
85.56284240252891
82.3286098510111
77.20103626247513
75.29276193632427
76.15773105863909
84.53401682163222
91.0659101969557
95.44108130150245
99.6393496566492
102.59142264341595
101.17806086301516
90.68627239003708
87.00574693662483
82.09750300709517
77.82030583337487
82.66196223173026
87.6184911990614
91.35097153287424
11.045361017187261
21.095023109728988
32.0624390837628
44.01136216933077
43.93176527297759
44.10215414239989
43.18564576337837
43.41658669218482
39.20459156782532
32.01562118716424
24.020824298928627
16.76305461424021
25.0
33.734255586866
16.15549442140351
22.090722034374522
30.14962686336267
36.49657518178932
31.32091952673165
23.769728648009426
69.85699678629192
61.98386886924694
56.88585061331157
58.077534382926416
57.14017850864661
61.18823416311342
68.00735254367721
70.8590149522275
73.06161783043132
73.17103251970687
73.97972695272672
72.80109889280519
68.35202996254024
63.788713735268246
64.07027391856539
63.12685640834652
66.94027188471824
63.071388124885914
64.1248781675256
63.953107821277925
10.04987562112089
21.02379604162864
33.54101966249684
32.984845004941285
33.06055050963308
32.38826948140329
33.24154027718932
38.63935817272331
32.57299494980466
25.079872407968907
16.15549442140351
23.345235059857504
32.2490309931942
16.76305461424021
24.698178070456937
32.01562118716424
37.33630940518894
31.064449134018133
23.08679276123039
59.481089431852205
51.264022471905186
45.89117562233506
47.042533945356304
46.2709412050371
50.695167422546305
57.9396237474839
60.207972893961475
62.12889826803627
62.12889826803627
62.96824596572466
61.98386886924694
57.77542730261716
52.773099207835045
53.03772242470448
52.23983154643591
56.61271941887264
52.15361924162119
53.08483775994799
52.952809179494906
11.0
24.413111231467404
23.08679276123039
23.021728866442675
22.80350850198276
24.698178070456937
40.718546143004666
36.05551275463989
29.732137494637012
21.2602916254693
26.076809620810597
34.0147027033899
22.67156809750927
30.610455730027933
36.71511950137164
40.85339643163099
34.17601498127012
26.832815729997478
50.24937810560445
41.6293165929973
35.90264614203248
37.013511046643494
36.49657518178932
41.43669871020132
49.193495504995376
50.695167422546305
52.23983154643591
52.08646657242167
52.952809179494906
52.20153254455275
48.30113870293329
42.7551166528639
43.01162633521314
42.42640687119285
47.53945729601885
42.2965719651132
43.04648650006177
42.95346318982906
16.64331697709324
13.038404810405298
12.041594578792296
12.529964086141668
16.401219466856727
46.400431032480725
43.139309220245984
38.01315561749642
30.4138126514911
33.301651610693426
39.824615503479755
31.064449134018133
38.41874542459709
43.18564576337837
46.04345773288535
39.408120990476064
33.24154027718932
41.23105625617661
31.906112267087632
25.298221281347036
26.019223662515376
25.709920264364882
31.304951684997057
39.66106403010388
40.162171256046406
41.30375285612676
41.10960958218893
42.20189569201838
42.04759208325728
38.8329756778952
32.01562118716424
32.01562118716424
31.575306807693888
37.589892258425
31.400636936215164
32.0624390837628
32.28002478313795
7.280109889280518
13.341664064126334
20.09975124224178
27.018512172212592
43.56604182158393
43.08131845707603
40.792156108742276
36.0
34.92849839314596
38.01315561749642
46.75467891024384
54.45181356024793
59.665735560705194
62.68173577685928
56.0357029044876
49.678969393496885
25.942243542145693
18.24828759089466
16.15549442140351
21.400934559032695
25.612496949731394
33.83784863137726
43.266615305567875
39.6232255123179
37.21558813185679
33.83784863137726
32.2490309931942
29.274562336608895
24.351591323771842
22.80350850198276
26.419689627245813
29.732137494637012
40.0
29.068883707497267
25.942243542145693
22.561028345356956
6.082762530298219
13.0
20.024984394500787
49.20365840057018
47.885279575251516
44.598206241955516
38.63935817272331
39.0
43.266615305567875
44.10215414239989
51.40038910358559
55.86591089385369
58.25804665451803
51.73973328110612
46.010868281309364
28.319604517012593
18.867962264113206
13.038404810405298
16.15549442140351
19.1049731745428
27.018512172212592
36.40054944640259
33.60059523282288
32.31098884280702
30.265491900843113
30.14962686336267
29.154759474226502
25.80697580112788
20.024984394500787
21.840329667841555
23.853720883753127
33.301651610693426
23.323807579381203
21.587033144922902
20.09975124224178
7.0710678118654755
14.142135623730951
53.81449618829484
51.86520991955976
47.853944456021594
41.10960958218893
42.5440947723653
47.634021455258214
42.04759208325728
48.877397639399746
52.630789467763066
54.45181356024793
48.104053883222775
43.01162633521314
32.01562118716424
21.93171219946131
13.892443989449804
14.0
14.7648230602334
21.93171219946131
31.144823004794873
29.5296461204668
29.614185789921695
29.068883707497267
30.364452901377952
31.064449134018133
29.0
20.248456731316587
20.0
20.248456731316587
28.319604517012593
19.924858845171276
20.024984394500787
20.615528128088304
7.0710678118654755
58.05170109479997
55.31726674375732
50.47771785649585
42.941821107167776
45.60701700396552
51.62363799656123
38.600518131237564
44.77722635447622
47.70744176750625
48.91829923454004
42.80186911806539
38.47076812334269
38.27531841800928
28.0178514522438
19.1049731745428
16.55294535724685
14.0
18.788294228055936
27.202941017470888
27.892651361962706
30.01666203960727
31.32091952673165
34.0
36.124783736376884
35.0
24.413111231467404
22.135943621178654
20.0
25.059928172283335
20.024984394500787
22.47220505424423
25.0
62.80127387243033
59.413803110051795
53.907327887774215
45.803929962395145
49.49747468305833
56.22277118748239
36.22154055254967
41.48493702538308
43.382023926967726
43.829214001622255
38.07886552931954
34.785054261852174
44.77722635447622
34.48187929913333
25.238858928247925
21.2602916254693
16.55294535724685
18.027756377319946
24.698178070456937
28.0
32.01562118716424
34.88552708502482
38.600518131237564
41.773197148410844
41.340053217188775
29.698484809834994
26.076809620810597
22.135943621178654
23.53720459187964
22.47220505424423
26.627053911388696
30.4138126514911
7.615773105863909
15.297058540778355
23.021728866442675
15.297058540778355
6.708203932499369
54.037024344425184
61.032778078668514
69.00724599634447
75.02666192761077
69.18092222571191
61.204574992397426
61.0
58.52349955359813
59.53990258641679
64.89992295835181
68.24954212300622
75.7429864739964
84.86459803710851
82.80096617793781
80.77747210701756
76.92203845452875
74.09453421137081
68.6804193347711
61.84658438426491
65.7419196555744
69.9714227381436
73.00684899377592
82.13403679352427
72.42237223399962
69.46221994724903
65.30696746902278
8.0
16.492422502470642
10.0
6.082762530298219
47.265209192385896
54.00925846556311
62.03224967708329
68.18357573492314
62.51399843235114
54.589376255824725
63.12685640834652
59.43904440685432
59.23681287847955
63.953107821277925
66.57326790837296
73.60027173862879
82.46211251235322
81.30190649671138
80.05623023850174
76.89603370785778
74.72616676907762
70.03570517957252
63.50590523722971
65.7875368135941
69.35416353759881
71.69379331573968
80.0
71.19691004531025
68.94200461257273
65.45991139621256
8.94427190999916
6.0
10.816653826391969
39.319206502675
46.010868281309364
54.037024344425184
60.207972893961475
54.589376255824725
46.69047011971501
63.12685640834652
58.215118311311535
56.753854494650845
60.74537019394976
62.609903369994115
69.1158447825099
77.6659513557904
77.3692445355388
76.89603370785778
74.46475676452586
72.99315036357864
69.1158447825099
63.0
63.56099432828282
66.40783086353596
68.0294054067798
75.47184905645283
67.62396025078685
66.09841147864296
63.34824385884742
8.246211251235321
17.11724276862369
31.016124838541646
38.118237105091836
46.04345773288535
52.009614495783374
46.17358552246078
38.2099463490856
60.207972893961475
54.08326913195984
51.35172830587107
54.57105459856901
55.71355310873648
61.71709649683789
69.9714227381436
70.3846574190711
70.60453243241541
68.8839603971781
68.11754546370561
65.12296062065974
59.53990258641679
58.309518948453004
60.41522986797286
61.35144660071187
68.0
61.032778078668514
60.207972893961475
58.215118311311535
9.0
39.01281840626232
46.2709412050371
54.147945482723536
60.00833275470999
54.037024344425184
46.04345773288535
57.14017850864661
52.23983154643591
50.96076922496363
55.154328932550705
57.30619512757761
64.07027391856539
72.80109889280519
72.069410986909
71.30918594402827
68.6804193347711
67.08203932499369
63.12685640834652
57.0
57.723478758647246
60.74537019394976
62.609903369994115
70.45565981523414
62.16912416947821
60.40695324215582
57.48912940721924
48.010415536631214
55.226805085936306
63.12685640834652
69.00724599634447
63.0317380372777
55.036351623268054
57.21887800367987
53.85164807134504
54.12947441089743
59.16924876994806
62.20128616033595
69.52697318307479
78.56844150166147
76.84399781375251
75.17978451685
71.69379331573968
69.26037828369117
64.32728814430156
57.706152185014034
60.53924347066124
64.41273166075166
67.11929677819934
75.92759709091287
66.57326790837296
63.953107821277925
60.166435825965294
8.06225774829855
15.297058540778355
21.0
15.297058540778355
7.615773105863909
72.20110802473879
62.96824596572466
55.90169943749474
55.02726596879042
52.172789842982326
54.08326913195984
59.21148537234985
64.1248781675256
68.06614430096654
69.92138442565336
72.2357252334328
72.94518489934754
69.8927750200262
62.24146527838174
60.728905802755904
58.05170109479997
59.00847396772772
58.249463516842795
61.032778078668514
62.64982043070834
8.06225774829855
14.560219778561036
10.63014581273465
7.0
79.64923100695951
70.21395872616783
62.76941930590086
61.326992425847855
57.87054518492115
58.855755878248644
63.0317380372777
68.8839603971781
73.49829930005184
75.96051605933177
78.7210264160726
79.92496481075234
77.20103626247513
68.8839603971781
66.85057965343307
63.60031446463138
63.28506932918696
63.89053137985315
67.23094525588644
69.35416353759881
6.708203932499369
6.0
10.0
84.17244204607586
74.41102068914255
66.40030120413611
64.1404708432983
59.93329625508679
59.77457653551382
62.80127387243033
69.6419413859206
75.02666192761077
78.26237921249263
81.6333265278342
83.60023923410746
81.46778504415104
72.11102550927978
69.35416353759881
65.39113089708727
63.56099432828282
65.79513659838392
69.83552104767315
72.67048919609665
6.708203932499369
14.317821063276353
86.37129152675674
76.38062581571324
67.94115100585212
65.0
60.207972893961475
59.09314681077663
61.1310068623117
68.70953354520753
74.68600939935136
78.54934754662193
82.41965784932621
85.0411665018772
83.45058418010026
73.24616030891995
69.8927750200262
65.36818798161687
62.297672508690084
65.86349520030045
70.45565981523414
73.87827826905551
8.0
79.93122043357026
70.00714249274856
61.71709649683789
59.07622195096772
54.589376255824725
54.08326913195984
56.88585061331157
63.89053137985315
69.46221994724903
72.94518489934754
76.55063683601855
78.87331614684399
77.07788269017254
67.20119046564577
64.1404708432983
59.93329625508679
57.723478758647246
60.37383539249432
64.66065264130884
67.80117993073571
74.33034373659252
64.66065264130884
56.859475903318
55.00909015790027
51.264022471905186
51.97114584074513
56.0357029044876
61.98386886924694
66.76076692189807
69.46221994724903
72.47068372797375
74.06078584514209
71.7007670809734
62.76941930590086
60.41522986797286
56.92099788303083
56.32051136131489
57.245087125446844
60.83584469702052
63.28506932918696
10.295630140987
19.697715603592208
25.709920264364882
32.7566787083184
40.19950248448356
48.010415536631214
39.45883931389772
32.28002478313795
24.698178070456937
18.35755975068582
10.0
4.0
18.027756377319946
25.0
32.01562118716424
44.01136216933077
31.016124838541646
24.0
17.029386365926403
9.486832980505138
16.0312195418814
23.08679276123039
31.016124838541646
39.45883931389772
31.953090617340916
26.076809620810597
19.79898987322333
15.652475842498529
11.045361017187261
7.0710678118654755
9.848857801796104
16.76305461424021
23.345235059857504
35.510561809129406
22.360679774997898
15.811388300841896
8.94427190999916
7.280109889280518
14.035668847618199
22.360679774997898
31.32091952673165
25.238858928247925
21.400934559032695
17.72004514666935
17.11724276862369
17.204650534085253
16.1245154965971
7.0
10.63014581273465
15.652475842498529
27.51363298439521
14.7648230602334
10.0
7.0710678118654755
7.0710678118654755
15.132745950421556
24.041630560342615
18.439088914585774
16.15549442140351
15.132745950421556
17.4928556845359
20.808652046684813
21.840329667841555
8.602325267042627
6.0
8.602325267042627
20.248456731316587
7.810249675906654
6.082762530298219
9.433981132056603
8.54400374531753
17.88854381999832
14.7648230602334
16.0312195418814
18.35755975068582
22.627416997969522
27.294688127912362
28.861739379323623
15.231546211727817
9.899494936611665
6.0
14.422205101855956
6.082762530298219
10.63014581273465
16.15549442140351
9.433981132056603
10.04987562112089
15.811388300841896
21.400934559032695
27.294688127912362
33.52610922848042
36.22154055254967
22.20360331117452
15.524174696260024
8.54400374531753
6.4031242374328485
9.486832980505138
16.492422502470642
23.194827009486403
10.295630140987
18.788294228055936
26.248809496813376
32.984845004941285
40.311288741492746
44.01136216933077
30.066592756745816
23.021728866442675
16.1245154965971
4.0
17.11724276862369
24.020824298928627
31.064449134018133
8.54400374531753
16.278820596099706
23.194827009486403
31.0
35.510561809129406
22.135943621178654
15.231546211727817
9.899494936611665
7.0710678118654755
10.63014581273465
16.15549442140351
23.08679276123039
8.0
15.0
23.194827009486403
28.460498941515414
16.401219466856727
10.816653826391969
10.04987562112089
15.264337522473747
10.0
11.40175425099138
17.204650534085253
7.0
15.297058540778355
21.02379604162864
11.180339887498949
9.219544457292887
13.45362404707371
22.47220505424423
12.806248474865697
9.055385138137417
11.661903789690601
8.54400374531753
15.0
10.198039027185569
12.727922061357855
18.867962264113206
29.120439557122072
18.027756377319946
12.041594578792296
10.04987562112089
7.211102550927978
12.206555615733702
18.027756377319946
25.0
36.345563690772494
24.041630560342615
17.08800749063506
11.40175425099138
14.035668847618199
21.0
28.0178514522438
40.01249804748511
27.018512172212592
20.0
13.038404810405298
7.0710678118654755
14.0
26.076809620810597
13.0
6.082762530298219
1.0
7.0710678118654755
19.026297590440446
6.082762530298219
1.0
8.06225774829855
12.165525060596439
1.0
8.06225774829855
15.0
13.152946437965905
20.024984394500787
27.073972741361768
7.0710678118654755
14.0
7.0710678118654755
