6.0
13.0
19.026297590440446
24.186773244895647
29.832867780352597
35.11409973215888
39.81205847478876
43.56604182158393
44.82186966202994
45.967379738244816
47.20169488482379
46.14108798023731
45.31004303683677
43.41658669218482
42.190046219457976
42.04759208325728
3.605551275463989
7.810249675906654
11.40175425099138
14.7648230602334
18.027756377319946
23.769728648009426
27.892651361962706
32.01562118716424
35.6931365951495
39.319206502675
20.223748416156685
20.0
19.4164878389476
20.615528128088304
19.4164878389476
21.633307652783937
23.323807579381203
25.495097567963924
27.313000567495326
7.0710678118654755
9.486832980505138
12.36931687685298
14.142135623730951
12.041594578792296
9.055385138137417
26.1725046566048
29.274562336608895
31.25699921617557
34.132096331752024
31.064449134018133
29.068883707497267
24.698178070456937
24.839484696748443
25.45584412271571
27.65863337187866
29.206163733020468
31.622776601683793
35.22782990761707
33.421549934136806
31.89043743820395
30.4138126514911
29.068883707497267
27.202941017470888
24.413111231467404
26.1725046566048
29.0
29.832867780352597
33.83784863137726
29.832867780352597
28.319604517012593
26.870057685088806
7.0
13.038404810405298
18.24828759089466
24.041630560342615
29.546573405388315
34.48187929913333
38.600518131237564
40.311288741492746
42.01190307520001
43.9089968002003
43.46262762420146
43.41658669218482
42.2965719651132
42.04759208325728
42.7551166528639
8.54400374531753
13.0
15.811388300841896
18.384776310850235
20.808652046684813
25.942243542145693
29.966648127543394
34.0147027033899
37.33630940518894
40.52159917870962
21.93171219946131
20.8806130178211
19.1049731745428
19.1049731745428
16.76305461424021
18.973665961010276
20.8806130178211
23.53720459187964
25.495097567963924
9.899494936611665
12.727922061357855
15.0
16.1245154965971
13.892443989449804
11.40175425099138
27.51363298439521
30.675723300355934
32.57299494980466
35.17101079013795
32.01562118716424
30.083217912982647
19.849433241279208
20.615528128088304
21.633307652783937
24.186773244895647
25.942243542145693
28.635642126552707
32.202484376209235
30.01666203960727
28.30194339616981
26.40075756488817
24.839484696748443
22.627416997969522
19.79898987322333
22.20360331117452
25.238858928247925
26.419689627245813
30.870698080866262
26.419689627245813
24.698178070456937
23.021728866442675
6.082762530298219
11.40175425099138
17.46424919657298
23.323807579381203
28.600699292150182
33.24154027718932
35.608987629529715
38.07886552931954
40.85339643163099
41.23105625617661
42.190046219457976
42.04759208325728
42.95346318982906
44.598206241955516
15.297058540778355
19.6468827043885
21.93171219946131
23.853720883753127
25.495097567963924
29.832867780352597
33.60059523282288
37.44329045369811
40.311288741492746
42.95346318982906
25.612496949731394
23.853720883753127
21.02379604162864
19.6468827043885
16.1245154965971
18.027756377319946
20.024984394500787
23.08679276123039
25.079872407968907
15.652475842498529
18.35755975068582
20.0
20.518284528683193
18.439088914585774
16.64331697709324
30.528675044947494
33.61547262794322
35.35533905932738
37.57658845611187
34.438350715445125
32.64965543462902
15.264337522473747
17.08800749063506
18.681541692269406
21.587033144922902
23.53720459187964
26.476404589747453
29.832867780352597
27.202941017470888
25.298221281347036
22.847319317591726
21.02379604162864
18.35755975068582
15.652475842498529
18.973665961010276
22.135943621178654
23.769728648009426
28.635642126552707
23.769728648009426
21.840329667841555
19.924858845171276
5.385164807134504
11.661903789690601
17.804493814764857
23.345235059857504
28.42534080710379
31.38470965295043
34.539832078341085
38.07886552931954
39.20459156782532
41.048751503547585
41.773197148410844
43.657759905886145
46.06517122512408
21.095023109728988
25.317977802344327
27.202941017470888
28.635642126552707
29.68164415931166
33.301651610693426
36.76955262170047
40.36087214122113
42.80186911806539
44.94441010848846
29.068883707497267
26.870057685088806
23.430749027719962
21.095023109728988
17.0
18.384776310850235
20.248456731316587
23.40939982143925
25.298221281347036
20.8806130178211
23.40939982143925
24.596747752497688
24.698178070456937
22.825424421026653
21.540659228538015
33.301651610693426
36.235341863986875
37.8021163428716
39.66106403010388
36.61966684720111
35.0
12.165525060596439
15.0
17.029386365926403
20.024984394500787
22.02271554554524
25.019992006393608
28.0178514522438
25.079872407968907
23.08679276123039
20.223748416156685
18.24828759089466
15.297058540778355
13.038404810405298
17.0
20.024984394500787
22.0
27.0
22.0
20.0
18.0
6.4031242374328485
12.727922061357855
18.439088914585774
23.853720883753127
27.313000567495326
31.04834939252005
35.22782990761707
37.013511046643494
39.6232255123179
41.10960958218893
43.829214001622255
46.87216658103186
26.0
30.066592756745816
31.575306807693888
32.57299494980466
33.1058907144937
36.05551275463989
39.20459156782532
42.5205832509386
44.553338819890925
46.22769732530488
31.906112267087632
29.410882339705484
25.612496949731394
22.627416997969522
18.384776310850235
19.209372712298546
20.808652046684813
23.853720883753127
25.553864678361276
25.317977802344327
27.65863337187866
28.460498941515414
28.231188426986208
26.570660511172846
25.709920264364882
35.4682957019364
38.2099463490856
39.59797974644666
41.10960958218893
38.2099463490856
36.76955262170047
10.44030650891055
13.92838827718412
16.15549442140351
18.973665961010276
20.8806130178211
23.769728648009426
26.30589287593181
23.194827009486403
21.213203435596427
18.110770276274835
16.1245154965971
13.152946437965905
11.704699910719626
15.811388300841896
18.439088914585774
20.615528128088304
25.495097567963924
20.615528128088304
18.681541692269406
16.76305461424021
6.4031242374328485
12.206555615733702
17.88854381999832
21.840329667841555
26.1725046566048
31.016124838541646
33.54101966249684
37.0
39.35733730830886
43.01162633521314
46.75467891024384
31.25699921617557
35.05709628591621
36.05551275463989
36.49657518178932
36.40054944640259
38.48376280978771
41.182520563948
44.10215414239989
45.60701700396552
46.69047011971501
34.539832078341085
31.78049716414141
27.730849247724095
24.186773244895647
20.12461179749811
20.248456731316587
21.400934559032695
24.08318915758459
25.45584412271571
30.0
32.0624390837628
32.38826948140329
31.78049716414141
30.4138126514911
30.066592756745816
37.21558813185679
39.66106403010388
40.80441152620633
41.86884283091664
39.20459156782532
38.01315561749642
10.0
13.45362404707371
15.556349186104045
17.804493814764857
19.4164878389476
21.95449840010015
23.769728648009426
20.615528128088304
18.788294228055936
15.652475842498529
13.892443989449804
11.40175425099138
11.40175425099138
14.866068747318506
16.64331697709324
18.867962264113206
23.259406699226016
18.867962264113206
17.204650534085253
15.620499351813308
5.830951894845301
11.704699910719626
16.1245154965971
21.02379604162864
26.476404589747453
29.732137494637012
34.0
37.20215047547655
41.72529209005013
46.09772228646444
36.138621999185304
39.6232255123179
40.11234224026316
40.01249804748511
39.319206502675
40.52159917870962
42.720018726587654
45.18849411078001
46.14108798023731
46.61544808322666
36.87817782917155
33.95585369269929
29.832867780352597
25.96150997149434
22.360679774997898
21.840329667841555
22.47220505424423
24.596747752497688
25.553864678361276
34.36568055487916
36.124783736376884
36.0
35.05709628591621
34.0
34.132096331752024
38.62641583165593
40.718546143004666
41.593268686170845
42.190046219457976
39.824615503479755
38.91015291668744
12.041594578792296
14.560219778561036
16.15549442140351
17.4928556845359
18.601075237738275
20.518284528683193
21.400934559032695
18.439088914585774
16.97056274847714
14.212670403551895
13.038404810405298
11.704699910719626
13.152946437965905
15.231546211727817
15.811388300841896
17.804493814764857
21.2602916254693
17.804493814764857
16.64331697709324
15.652475842498529
6.082762530298219
11.045361017187261
16.492422502470642
22.47220505424423
26.419689627245813
31.400636936215164
35.35533905932738
40.607881008493905
45.48626166217664
40.496913462633174
43.68065933568311
43.73785545725808
43.18564576337837
42.0
42.42640687119285
44.14748010928823
46.17358552246078
46.61544808322666
46.52956049652737
39.11521443121589
36.124783736376884
32.0624390837628
28.071337695236398
25.019992006393608
24.020824298928627
24.186773244895647
25.709920264364882
26.248809496813376
38.3275357934736
39.81205847478876
39.319206502675
38.118237105091836
37.33630940518894
37.8549864614954
40.024992192379
41.7612260356422
42.37924020083418
42.5440947723653
40.496913462633174
39.84971769034255
15.524174696260024
17.029386365926403
18.027756377319946
18.439088914585774
18.973665961010276
20.12461179749811
20.0
17.4928556845359
16.55294535724685
14.560219778561036
14.142135623730951
14.035668847618199
16.278820596099706
17.029386365926403
16.492422502470642
18.027756377319946
20.248456731316587
18.027756377319946
17.46424919657298
17.11724276862369
5.385164807134504
11.180339887498949
17.4928556845359
22.02271554554524
27.586228448267445
32.202484376209235
38.07886552931954
43.382023926967726
43.829214001622255
46.61544808322666
46.17358552246078
45.12205669071391
43.41658669218482
43.0
44.181444068749045
45.70557952810576
45.60701700396552
44.94441010848846
40.11234224026316
37.12142238654117
33.24154027718932
29.274562336608895
26.92582403567252
25.495097567963924
25.179356624028344
26.0
26.076809620810597
41.23105625617661
42.37924020083418
41.48493702538308
40.024992192379
39.56008088970496
40.496913462633174
40.11234224026316
41.43669871020132
41.773197148410844
41.48493702538308
39.81205847478876
39.45883931389772
18.867962264113206
19.313207915827967
19.6468827043885
19.1049731745428
19.0
19.235384061671343
18.027756377319946
16.278820596099706
16.0312195418814
15.132745950421556
15.524174696260024
16.55294535724685
19.235384061671343
18.681541692269406
17.11724276862369
18.0
18.681541692269406
18.0
18.110770276274835
18.439088914585774
5.830951894845301
12.206555615733702
16.97056274847714
22.80350850198276
27.784887978899608
34.0147027033899
39.56008088970496
44.654227123532216
47.01063709417264
46.09772228646444
44.598206241955516
42.44997055358225
41.30375285612676
42.01190307520001
43.104524124504614
42.579337712087536
41.48493702538308
38.8329756778952
35.90264614203248
32.28002478313795
28.460498941515414
26.832815729997478
25.079872407968907
24.351591323771842
24.515301344262525
24.186773244895647
41.677331968349414
42.485291572496
41.23105625617661
39.56008088970496
39.395431207184416
40.70626487409524
38.05259518088089
39.01281840626232
39.11521443121589
38.47076812334269
37.12142238654117
37.013511046643494
20.518284528683193
20.0
19.72308292331602
18.384776310850235
17.72004514666935
17.11724276862369
15.033296378372908
14.142135623730951
14.560219778561036
14.7648230602334
15.811388300841896
17.69180601295413
20.518284528683193
18.867962264113206
16.55294535724685
16.76305461424021
16.0
16.76305461424021
17.46424919657298
18.35755975068582
6.4031242374328485
11.40175425099138
17.4928556845359
22.847319317591726
29.410882339705484
35.17101079013795
45.34313619501854
47.20169488482379
45.79301256742124
43.829214001622255
41.23105625617661
39.293765408777
39.45883931389772
40.049968789001575
39.05124837953327
37.48332962798263
37.33630940518894
34.539832078341085
31.304951684997057
27.784887978899608
27.018512172212592
25.0
23.853720883753127
23.259406699226016
22.47220505424423
42.01190307520001
42.43819034784589
40.8166632639171
38.948684188300895
39.11521443121589
40.80441152620633
35.6931365951495
36.22154055254967
36.05551275463989
35.014282800023196
34.058772731852805
34.23448553724738
22.825424421026653
21.400934559032695
20.518284528683193
18.439088914585774
17.204650534085253
15.652475842498529
12.649110640673518
13.038404810405298
14.212670403551895
15.620499351813308
17.204650534085253
19.72308292331602
22.47220505424423
19.849433241279208
16.97056274847714
16.401219466856727
13.92838827718412
16.401219466856727
17.69180601295413
19.1049731745428
5.385164807134504
11.704699910719626
17.46424919657298
24.331050121192877
30.265491900843113
46.09772228646444
47.38143096192854
45.45327270945405
43.01162633521314
39.96248240537617
37.16180835212409
36.68787265568828
36.6742416417845
35.12833614050059
33.015148038438355
35.84689665786984
33.28663395418648
30.610455730027933
27.586228448267445
27.80287754891569
25.612496949731394
24.08318915758459
22.67156809750927
21.400934559032695
42.44997055358225
42.44997055358225
40.45985664828782
38.41874542459709
38.948684188300895
41.012193308819754
33.24154027718932
33.24154027718932
32.7566787083184
31.25699921617557
30.805843601498726
31.32091952673165
25.96150997149434
23.769728648009426
22.360679774997898
19.72308292331602
18.027756377319946
15.620499351813308
12.041594578792296
13.892443989449804
15.652475842498529
18.027756377319946
19.924858845171276
22.80350850198276
25.298221281347036
21.93171219946131
18.788294228055936
17.4928556845359
13.45362404707371
17.4928556845359
19.235384061671343
21.02379604162864
6.324555320336759
12.165525060596439
19.1049731745428
25.079872407968907
44.654227123532216
45.45327270945405
43.139309220245984
40.36087214122113
37.013511046643494
33.61547262794322
32.69556544854363
32.28002478313795
30.4138126514911
28.0178514522438
32.802438933713454
30.479501308256342
28.319604517012593
25.80697580112788
26.832815729997478
24.596747752497688
22.825424421026653
20.808652046684813
19.209372712298546
40.80441152620633
40.45985664828782
38.2099463490856
36.069377593742864
36.87817782917155
39.20459156782532
29.5296461204668
29.154759474226502
28.460498941515414
26.68332812825267
26.570660511172846
27.313000567495326
27.073972741361768
24.331050121192877
22.561028345356956
19.6468827043885
17.72004514666935
14.866068747318506
11.40175425099138
14.142135623730951
16.1245154965971
19.026297590440446
21.02379604162864
24.020824298928627
26.1725046566048
22.360679774997898
19.235384061671343
17.46424919657298
12.649110640673518
17.46424919657298
19.4164878389476
21.37755832643195
6.0
13.0
19.0
43.382023926967726
43.56604182158393
40.80441152620633
37.64306044943742
33.97057550292606
29.832867780352597
28.30194339616981
27.313000567495326
25.0
22.20360331117452
29.732137494637012
27.80287754891569
26.419689627245813
24.698178070456937
26.68332812825267
24.515301344262525
22.561028345356956
19.924858845171276
18.027756377319946
39.35733730830886
38.58756276314948
36.05551275463989
33.83784863137726
34.9857113690718
37.589892258425
25.612496949731394
24.698178070456937
23.706539182259394
21.540659228538015
21.95449840010015
23.021728866442675
29.274562336608895
26.076809620810597
24.020824298928627
21.02379604162864
19.026297590440446
16.0312195418814
13.341664064126334
16.492422502470642
18.439088914585774
21.587033144922902
23.53720459187964
26.476404589747453
28.160255680657446
24.08318915758459
21.213203435596427
19.1049731745428
14.142135623730951
19.1049731745428
21.095023109728988
23.08679276123039
7.0
13.0
41.10960958218893
40.718546143004666
37.589892258425
34.132096331752024
30.23243291566195
25.495097567963924
23.430749027719962
21.95449840010015
19.313207915827967
16.278820596099706
26.076809620810597
24.596747752497688
24.041630560342615
23.194827009486403
26.0
24.020824298928627
22.02271554554524
19.0
17.0
37.0
35.84689665786984
33.1058907144937
30.870698080866262
32.31098884280702
35.11409973215888
21.2602916254693
19.849433241279208
18.601075237738275
16.1245154965971
17.029386365926403
18.384776310850235
30.675723300355934
27.202941017470888
25.0
22.135943621178654
20.248456731316587
17.46424919657298
15.811388300841896
18.867962264113206
20.591260281974
23.706539182259394
25.495097567963924
28.231188426986208
29.410882339705484
25.298221281347036
22.847319317591726
20.615528128088304
16.1245154965971
20.615528128088304
22.47220505424423
24.351591323771842
6.0
39.45883931389772
38.3275357934736
34.785054261852174
31.016124838541646
26.92582403567252
21.470910553583888
18.601075237738275
16.278820596099706
13.038404810405298
9.486832980505138
23.08679276123039
22.360679774997898
23.0
23.345235059857504
26.92582403567252
25.298221281347036
23.40939982143925
20.248456731316587
18.384776310850235
35.35533905932738
33.734255586866
30.805843601498726
28.635642126552707
30.4138126514911
33.37663853655727
17.46424919657298
15.264337522473747
13.601470508735444
10.63014581273465
12.529964086141668
14.317821063276353
33.61547262794322
30.01666203960727
27.784887978899608
25.238858928247925
23.600847442411894
21.2602916254693
20.615528128088304
23.345235059857504
24.758836806279895
27.65863337187866
29.206163733020468
31.622776601683793
32.2490309931942
28.30194339616981
26.40075756488817
24.20743687382041
20.518284528683193
24.20743687382041
25.80697580112788
27.459060435491963
39.0
37.21558813185679
33.37663853655727
29.427877939124322
25.317977802344327
19.4164878389476
15.811388300841896
12.529964086141668
8.602325267042627
4.242640687119285
22.02271554554524
22.090722034374522
23.769728648009426
25.079872407968907
29.068883707497267
27.784887978899608
26.076809620810597
23.021728866442675
21.400934559032695
35.014282800023196
33.015148038438355
30.01666203960727
28.0
30.01666203960727
33.015148038438355
16.0312195418814
13.152946437965905
11.180339887498949
8.06225774829855
11.0
13.0
37.013511046643494
33.421549934136806
31.240998703626616
29.0
27.586228448267445
25.612496949731394
25.553864678361276
28.0178514522438
29.206163733020468
31.89043743820395
33.24154027718932
35.38361202590826
35.608987629529715
31.89043743820395
30.4138126514911
28.319604517012593
25.238858928247925
28.319604517012593
29.698484809834994
31.144823004794873
4.47213595499958
7.810249675906654
11.180339887498949
14.560219778561036
20.396078054371138
24.515301344262525
28.635642126552707
32.38826948140329
36.124783736376884
17.029386365926403
17.11724276862369
17.08800749063506
18.867962264113206
18.384776310850235
20.518284528683193
22.02271554554524
23.853720883753127
25.553864678361276
4.123105625617661
6.082762530298219
9.055385138137417
11.0
9.055385138137417
6.082762530298219
23.021728866442675
26.076809620810597
28.071337695236398
31.016124838541646
28.0
26.0
25.079872407968907
24.698178070456937
25.0
26.90724809414742
28.284271247461902
30.479501308256342
34.058772731852805
32.526911934581186
31.144823004794873
30.0
28.844410203711913
27.294688127912362
24.596747752497688
25.80697580112788
28.42534080710379
29.0
32.64965543462902
29.0
27.65863337187866
26.40075756488817
4.123105625617661
8.06225774829855
12.0
18.0
22.02271554554524
26.076809620810597
30.01666203960727
34.0147027033899
15.297058540778355
16.15549442140351
17.204650534085253
19.79898987322333
20.248456731316587
22.20360331117452
23.430749027719962
24.758836806279895
26.248809496813376
5.385164807134504
5.0
7.615773105863909
9.848857801796104
8.602325267042627
6.4031242374328485
21.213203435596427
24.08318915758459
26.076809620810597
29.154759474226502
26.30589287593181
24.331050121192877
28.160255680657446
27.313000567495326
27.294688127912362
28.844410203711913
30.0
31.89043743820395
35.38361202590826
34.20526275297414
33.015148038438355
32.2490309931942
31.304951684997057
30.083217912982647
27.51363298439521
28.178005607210743
30.528675044947494
30.805843601498726
33.97057550292606
30.805843601498726
29.68164415931166
28.653097563788805
4.0
8.06225774829855
14.035668847618199
18.0
22.02271554554524
26.0
30.066592756745816
11.704699910719626
13.038404810405298
14.866068747318506
18.027756377319946
19.313207915827967
21.02379604162864
21.95449840010015
22.80350850198276
24.08318915758459
6.324555320336759
4.0
5.0
7.0710678118654755
6.708203932499369
6.0
17.46424919657298
20.223748416156685
22.20360331117452
25.317977802344327
22.561028345356956
20.615528128088304
28.284271247461902
26.92582403567252
26.570660511172846
27.730849247724095
28.653097563788805
30.23243291566195
33.60059523282288
32.7566787083184
31.76476034853718
31.38470965295043
30.675723300355934
29.832867780352597
27.459060435491963
27.51363298439521
29.546573405388315
29.5296461204668
32.202484376209235
29.5296461204668
28.635642126552707
27.85677655436824
4.123105625617661
10.04987562112089
14.0
18.027756377319946
22.0
26.076809620810597
8.06225774829855
9.899494936611665
12.529964086141668
16.15549442140351
18.24828759089466
19.6468827043885
20.248456731316587
20.591260281974
21.633307652783937
8.48528137423857
5.656854249492381
4.123105625617661
5.0990195135927845
6.082762530298219
7.211102550927978
13.601470508735444
16.278820596099706
18.24828759089466
21.37755832643195
18.681541692269406
16.76305461424021
28.0
26.1725046566048
25.495097567963924
26.248809496813376
26.92582403567252
28.178005607210743
31.38470965295043
30.870698080866262
30.083217912982647
30.083217912982647
29.614185789921695
29.154759474226502
27.018512172212592
26.476404589747453
28.160255680657446
27.85677655436824
30.01666203960727
27.85677655436824
27.202941017470888
26.68332812825267
6.0
10.04987562112089
14.142135623730951
18.027756377319946
22.02271554554524
4.242640687119285
6.708203932499369
10.198039027185569
14.142135623730951
17.029386365926403
18.027756377319946
18.24828759089466
18.027756377319946
18.788294228055936
11.180339887498949
8.54400374531753
5.830951894845301
5.0
7.0710678118654755
9.433981132056603
9.486832980505138
12.165525060596439
14.142135623730951
17.26267650163207
14.560219778561036
12.649110640673518
27.294688127912362
25.019992006393608
24.020824298928627
24.331050121192877
24.73863375370596
25.632011235952593
28.635642126552707
28.460498941515414
27.892651361962706
28.284271247461902
28.071337695236398
28.0178514522438
26.1725046566048
25.019992006393608
26.30589287593181
25.709920264364882
27.313000567495326
25.709920264364882
25.317977802344327
25.079872407968907
4.123105625617661
8.246211251235321
12.041594578792296
16.0312195418814
4.242640687119285
6.708203932499369
10.770329614269007
14.560219778561036
18.384776310850235
18.681541692269406
18.24828759089466
17.0
17.11724276862369
16.76305461424021
14.317821063276353
11.40175425099138
9.848857801796104
12.083045973594572
14.866068747318506
4.242640687119285
6.324555320336759
8.246211251235321
11.40175425099138
8.94427190999916
7.211102550927978
28.792360097775937
25.96150997149434
24.515301344262525
24.08318915758459
24.0
24.186773244895647
26.68332812825267
27.16615541441225
27.018512172212592
28.071337695236398
28.284271247461902
28.861739379323623
27.51363298439521
25.495097567963924
26.076809620810597
25.0
25.495097567963924
25.0
25.079872407968907
25.317977802344327
4.123105625617661
8.0
12.165525060596439
8.06225774829855
9.899494936611665
13.601470508735444
17.0
21.095023109728988
21.02379604162864
20.248456731316587
18.439088914585774
18.110770276274835
20.8806130178211
18.439088914585774
15.524174696260024
13.92838827718412
16.15549442140351
18.973665961010276
4.123105625617661
3.605551275463989
5.0
8.06225774829855
6.4031242374328485
5.385164807134504
31.304951684997057
28.231188426986208
26.570660511172846
25.709920264364882
25.317977802344327
25.019992006393608
27.073972741361768
28.0178514522438
28.160255680657446
29.614185789921695
30.083217912982647
31.016124838541646
29.966648127543394
27.51363298439521
27.65863337187866
26.30589287593181
26.019223662515376
26.30589287593181
26.68332812825267
27.202941017470888
4.123105625617661
8.54400374531753
12.083045973594572
13.601470508735444
16.97056274847714
20.0
24.20743687382041
23.853720883753127
22.825424421026653
20.615528128088304
19.924858845171276
25.0
22.561028345356956
19.6468827043885
18.027756377319946
20.248456731316587
23.08679276123039
7.0710678118654755
4.47213595499958
4.0
5.830951894845301
6.0
6.324555320336759
34.132096331752024
30.886890422961002
29.068883707497267
27.85677655436824
27.202941017470888
26.476404589747453
28.071337695236398
29.427877939124322
29.832867780352597
31.622776601683793
32.31098884280702
33.54101966249684
32.7566787083184
29.966648127543394
29.732137494637012
28.160255680657446
27.16615541441225
28.160255680657446
28.792360097775937
29.546573405388315
4.47213595499958
15.524174696260024
16.55294535724685
19.4164878389476
21.93171219946131
26.1725046566048
25.495097567963924
24.20743687382041
21.633307652783937
20.591260281974
28.635642126552707
26.30589287593181
23.345235059857504
21.587033144922902
23.769728648009426
26.68332812825267
9.848857801796104
6.708203932499369
5.0
4.123105625617661
6.4031242374328485
7.810249675906654
35.608987629529715
32.202484376209235
30.23243291566195
28.653097563788805
27.730849247724095
26.570660511172846
27.65863337187866
29.410882339705484
30.083217912982647
32.202484376209235
33.12099032335839
34.66987164671943
34.20526275297414
31.064449134018133
30.4138126514911
28.635642126552707
26.92582403567252
28.635642126552707
29.5296461204668
30.528675044947494
19.1049731745428
19.6468827043885
21.93171219946131
23.853720883753127
28.0178514522438
27.018512172212592
25.495097567963924
22.627416997969522
21.2602916254693
32.2490309931942
30.066592756745816
27.073972741361768
25.179356624028344
27.294688127912362
30.265491900843113
13.152946437965905
10.04987562112089
8.06225774829855
5.385164807134504
8.54400374531753
10.44030650891055
36.76955262170047
33.24154027718932
31.144823004794873
29.206163733020468
28.0178514522438
26.419689627245813
26.92582403567252
29.068883707497267
30.01666203960727
32.449961479175904
33.60059523282288
35.4682957019364
35.35533905932738
31.89043743820395
30.805843601498726
28.844410203711913
26.40075756488817
28.844410203711913
30.0
31.240998703626616
3.0
7.0710678118654755
11.045361017187261
14.560219778561036
15.132745950421556
15.0
14.317821063276353
14.866068747318506
13.152946437965905
11.0
8.0
6.082762530298219
8.246211251235321
11.180339887498949
6.0
9.055385138137417
11.045361017187261
14.0
11.045361017187261
9.055385138137417
25.0
22.360679774997898
21.095023109728988
21.02379604162864
21.213203435596427
21.840329667841555
24.698178070456937
24.73863375370596
24.331050121192877
25.019992006393608
25.019992006393608
25.317977802344327
23.769728648009426
22.090722034374522
23.021728866442675
22.20360331117452
23.40939982143925
22.20360331117452
22.02271554554524
22.02271554554524
4.123105625617661
8.06225774829855
11.704699910719626
12.165525060596439
12.0
11.40175425099138
12.083045973594572
13.038404810405298
11.40175425099138
8.54400374531753
6.324555320336759
8.06225774829855
11.045361017187261
6.708203932499369
9.848857801796104
11.704699910719626
14.317821063276353
11.180339887498949
9.219544457292887
22.135943621178654
19.4164878389476
18.110770276274835
18.027756377319946
18.24828759089466
18.973665961010276
21.93171219946131
21.840329667841555
21.37755832643195
22.02271554554524
22.02271554554524
22.360679774997898
20.8806130178211
19.1049731745428
20.024984394500787
19.235384061671343
20.615528128088304
19.235384061671343
19.026297590440446
19.026297590440446
4.0
7.615773105863909
8.06225774829855
8.06225774829855
8.06225774829855
9.219544457292887
13.0
12.206555615733702
9.899494936611665
7.810249675906654
8.602325267042627
11.180339887498949
9.899494936611665
12.806248474865697
14.422205101855956
16.55294535724685
13.416407864998739
11.661903789690601
18.027756377319946
15.297058540778355
14.035668847618199
14.142135623730951
14.560219778561036
15.652475842498529
18.867962264113206
18.384776310850235
17.72004514666935
18.110770276274835
18.0
18.24828759089466
16.76305461424021
15.033296378372908
16.1245154965971
15.524174696260024
17.4928556845359
15.524174696260024
15.132745950421556
15.0
4.242640687119285
4.123105625617661
4.123105625617661
5.0
6.708203932499369
15.0
14.866068747318506
13.038404810405298
11.180339887498949
11.40175425099138
13.45362404707371
13.038404810405298
15.620499351813308
16.97056274847714
18.601075237738275
15.620499351813308
14.142135623730951
14.317821063276353
11.40175425099138
10.04987562112089
10.198039027185569
10.770329614269007
12.206555615733702
15.620499351813308
14.7648230602334
13.92838827718412
14.142135623730951
14.0
14.317821063276353
13.0
11.045361017187261
12.165525060596439
11.704699910719626
14.212670403551895
11.704699910719626
11.180339887498949
11.0
2.23606797749979
4.123105625617661
7.0
9.0
15.0
15.652475842498529
14.560219778561036
13.152946437965905
12.649110640673518
13.892443989449804
17.204650534085253
19.849433241279208
21.213203435596427
22.80350850198276
19.849433241279208
18.384776310850235
10.44030650891055
8.0
7.280109889280518
8.602325267042627
9.899494936611665
12.206555615733702
15.811388300841896
14.142135623730951
12.806248474865697
12.083045973594572
11.40175425099138
11.0
9.219544457292887
8.246211251235321
10.295630140987
10.63014581273465
14.422205101855956
10.63014581273465
9.433981132056603
8.54400374531753
2.0
5.0990195135927845
7.0710678118654755
17.029386365926403
17.4928556845359
16.15549442140351
14.560219778561036
14.317821063276353
15.811388300841896
17.0
19.4164878389476
20.615528128088304
21.93171219946131
19.1049731745428
17.804493814764857
10.295630140987
7.280109889280518
6.0
6.708203932499369
7.810249675906654
10.0
13.601470508735444
12.041594578792296
10.816653826391969
10.44030650891055
10.04987562112089
10.198039027185569
8.94427190999916
7.0
8.54400374531753
8.602325267042627
12.206555615733702
8.602325267042627
7.615773105863909
7.0710678118654755
3.1622776601683795
5.0990195135927845
18.384776310850235
18.601075237738275
17.0
15.231546211727817
15.264337522473747
17.029386365926403
16.15549442140351
18.35755975068582
19.4164878389476
20.518284528683193
17.804493814764857
16.64331697709324
11.40175425099138
8.06225774829855
6.324555320336759
6.082762530298219
6.708203932499369
8.48528137423857
12.041594578792296
10.816653826391969
9.848857801796104
10.04987562112089
10.04987562112089
10.770329614269007
10.0
7.280109889280518
8.06225774829855
7.615773105863909
10.63014581273465
7.615773105863909
7.0710678118654755
7.0710678118654755
2.0
20.0
19.79898987322333
17.804493814764857
15.811388300841896
16.278820596099706
18.439088914585774
14.317821063276353
16.15549442140351
17.0
17.804493814764857
15.264337522473747
14.317821063276353
14.142135623730951
10.63014581273465
8.602325267042627
7.280109889280518
7.0
7.615773105863909
10.816653826391969
10.44030650891055
10.04987562112089
11.180339887498949
11.704699910719626
13.038404810405298
12.727922061357855
9.433981132056603
9.219544457292887
8.0
9.433981132056603
8.0
8.246211251235321
8.94427190999916
21.633307652783937
21.2602916254693
19.1049731745428
17.029386365926403
17.69180601295413
20.0
14.035668847618199
15.524174696260024
16.15549442140351
16.64331697709324
14.317821063276353
13.601470508735444
15.620499351813308
12.041594578792296
9.899494936611665
8.06225774829855
7.280109889280518
7.0710678118654755
9.848857801796104
10.04987562112089
10.04987562112089
11.704699910719626
12.529964086141668
14.212670403551895
14.212670403551895
10.63014581273465
9.848857801796104
8.246211251235321
8.54400374531753
8.246211251235321
8.94427190999916
10.0
2.8284271247461903
5.385164807134504
7.0710678118654755
5.0
2.0
19.1049731745428
22.20360331117452
24.186773244895647
27.073972741361768
24.020824298928627
22.02271554554524
22.80350850198276
21.93171219946131
21.95449840010015
23.600847442411894
24.839484696748443
26.870057685088806
30.4138126514911
29.068883707497267
27.80287754891569
26.92582403567252
25.942243542145693
24.698178070456937
22.135943621178654
22.825424421026653
25.238858928247925
25.612496949731394
29.0
25.612496949731394
24.413111231467404
23.323807579381203
3.0
5.0990195135927845
3.605551275463989
2.0
17.0
20.024984394500787
22.02271554554524
25.0
22.02271554554524
20.024984394500787
24.331050121192877
23.08679276123039
22.847319317591726
24.186773244895647
25.238858928247925
27.018512172212592
30.479501308256342
29.410882339705484
28.30194339616981
27.730849247724095
26.92582403567252
25.96150997149434
23.53720459187964
23.769728648009426
25.942243542145693
26.076809620810597
29.068883707497267
26.076809620810597
25.059928172283335
24.166091947189145
2.23606797749979
2.0
3.605551275463989
14.0
17.029386365926403
19.026297590440446
22.0
19.026297590440446
17.029386365926403
24.020824298928627
22.360679774997898
21.840329667841555
22.847319317591726
23.706539182259394
25.238858928247925
28.600699292150182
27.784887978899608
26.832815729997478
26.570660511172846
25.96150997149434
25.317977802344327
23.08679276123039
22.80350850198276
24.698178070456937
24.596747752497688
27.202941017470888
24.596747752497688
23.769728648009426
23.08679276123039
2.23606797749979
5.0990195135927845
12.041594578792296
15.132745950421556
17.11724276862369
20.024984394500787
17.0
15.0
23.021728866442675
21.095023109728988
20.396078054371138
21.18962010041709
21.93171219946131
23.323807579381203
26.627053911388696
25.942243542145693
25.079872407968907
25.0
24.515301344262525
24.08318915758459
22.0
21.37755832643195
23.08679276123039
22.847319317591726
25.238858928247925
22.847319317591726
22.135943621178654
21.587033144922902
3.0
14.142135623730951
17.26267650163207
19.235384061671343
22.090722034374522
19.026297590440446
17.029386365926403
22.02271554554524
20.396078054371138
19.924858845171276
21.02379604162864
21.95449840010015
23.600847442411894
27.018512172212592
26.076809620810597
25.059928172283335
24.698178070456937
24.041630560342615
23.345235059857504
21.095023109728988
20.8806130178211
22.847319317591726
22.825424421026653
25.612496949731394
22.825424421026653
21.93171219946131
21.18962010041709
17.11724276862369
20.223748416156685
22.20360331117452
25.079872407968907
22.02271554554524
20.024984394500787
22.360679774997898
21.18962010041709
21.02379604162864
22.47220505424423
23.600847442411894
25.495097567963924
29.0
27.80287754891569
26.627053911388696
25.942243542145693
25.079872407968907
24.041630560342615
21.587033144922902
21.93171219946131
24.186773244895647
24.413111231467404
27.586228448267445
24.413111231467404
23.323807579381203
22.360679774997898
3.1622776601683795
5.0990195135927845
8.0
5.0990195135927845
3.1622776601683795
27.294688127912362
24.166091947189145
22.47220505424423
21.587033144922902
21.213203435596427
21.0
23.194827009486403
24.0
24.08318915758459
25.495097567963924
25.96150997149434
26.92582403567252
25.942243542145693
23.40939982143925
23.53720459187964
22.20360331117452
22.090722034374522
22.20360331117452
22.561028345356956
23.08679276123039
2.0
5.0990195135927845
2.8284271247461903
2.0
29.68164415931166
26.419689627245813
24.596747752497688
23.40939982143925
22.80350850198276
22.20360331117452
24.0
25.179356624028344
25.495097567963924
27.202941017470888
27.85677655436824
29.068883707497267
28.30194339616981
25.495097567963924
25.298221281347036
23.769728648009426
23.021728866442675
23.769728648009426
24.351591323771842
25.079872407968907
3.1622776601683795
2.0
2.8284271247461903
30.805843601498726
27.459060435491963
25.553864678361276
24.166091947189145
23.40939982143925
22.561028345356956
24.08318915758459
25.495097567963924
25.96150997149434
27.85677655436824
28.635642126552707
30.01666203960727
29.410882339705484
26.419689627245813
26.0
24.351591323771842
23.194827009486403
24.351591323771842
25.079872407968907
25.942243542145693
3.1622776601683795
5.0990195135927845
31.89043743820395
28.42534080710379
26.40075756488817
24.698178070456937
23.706539182259394
22.47220505424423
23.53720459187964
25.298221281347036
26.0
28.178005607210743
29.154759474226502
30.805843601498726
30.479501308256342
27.202941017470888
26.419689627245813
24.596747752497688
22.80350850198276
24.596747752497688
25.553864678361276
26.627053911388696
2.0
29.206163733020468
25.80697580112788
23.853720883753127
22.360679774997898
21.540659228538015
20.615528128088304
22.090722034374522
23.53720459187964
24.041630560342615
26.0
26.832815729997478
28.30194339616981
27.80287754891569
24.698178070456937
24.166091947189145
22.47220505424423
21.213203435596427
22.47220505424423
23.259406699226016
24.186773244895647
28.0178514522438
24.698178070456937
22.825424421026653
21.540659228538015
20.8806130178211
20.223748416156685
22.0
23.194827009486403
23.53720459187964
25.298221281347036
26.0
27.294688127912362
26.627053911388696
23.706539182259394
23.40939982143925
21.840329667841555
21.02379604162864
21.840329667841555
22.47220505424423
23.259406699226016
3.605551275463989
5.830951894845301
8.54400374531753
10.44030650891055
13.341664064126334
16.0312195418814
13.0
11.0
8.06225774829855
6.082762530298219
3.1622776601683795
1.4142135623730951
5.385164807134504
8.06225774829855
10.198039027185569
15.132745950421556
10.198039027185569
8.246211251235321
6.324555320336759
2.23606797749979
5.0990195135927845
7.0710678118654755
10.04987562112089
13.038404810405298
10.198039027185569
8.246211251235321
5.830951894845301
4.242640687119285
3.0
2.23606797749979
2.0
5.0990195135927845
7.0
12.0
7.0
5.0
3.0
3.0
5.0
8.0
11.180339887498949
8.54400374531753
6.708203932499369
5.0
4.123105625617661
4.47213595499958
4.47213595499958
1.0
3.605551275463989
5.0990195135927845
10.04987562112089
5.0990195135927845
3.1622776601683795
1.4142135623730951
2.0
5.0
8.246211251235321
5.830951894845301
4.242640687119285
4.0
4.47213595499958
6.4031242374328485
7.280109889280518
3.1622776601683795
2.0
2.23606797749979
7.0710678118654755
2.23606797749979
1.0
2.23606797749979
3.0
6.324555320336759
4.242640687119285
3.1622776601683795
4.47213595499958
5.656854249492381
8.06225774829855
9.219544457292887
5.0990195135927845
2.8284271247461903
1.0
5.0990195135927845
1.0
2.23606797749979
4.123105625617661
3.605551275463989
3.0
3.605551275463989
6.4031242374328485
8.06225774829855
10.770329614269007
12.165525060596439
8.06225774829855
5.385164807134504
3.1622776601683795
2.23606797749979
3.1622776601683795
5.0990195135927845
7.0710678118654755
3.1622776601683795
5.0990195135927845
8.246211251235321
10.198039027185569
13.152946437965905
15.0
11.045361017187261
8.0
6.082762530298219
1.4142135623730951
6.082762530298219
8.06225774829855
10.04987562112089
2.0
5.0990195135927845
7.0710678118654755
10.04987562112089
12.041594578792296
8.246211251235321
5.0990195135927845
3.605551275463989
2.8284271247461903
3.605551275463989
5.385164807134504
7.280109889280518
3.1622776601683795
5.0990195135927845
8.06225774829855
10.04987562112089
6.324555320336759
3.1622776601683795
2.23606797749979
4.47213595499958
2.23606797749979
3.605551275463989
5.385164807134504
2.0
5.0
7.280109889280518
4.242640687119285
2.0
3.605551275463989
7.615773105863909
3.605551275463989
3.0
3.605551275463989
3.0
5.385164807134504
3.1622776601683795
2.8284271247461903
5.0
9.486832980505138
5.0
3.605551275463989
3.0
2.8284271247461903
3.605551275463989
5.385164807134504
7.615773105863909
12.36931687685298
7.615773105863909
5.830951894845301
4.242640687119285
4.123105625617661
7.0
9.055385138137417
14.035668847618199
9.055385138137417
7.0710678118654755
5.0990195135927845
3.1622776601683795
5.0
10.0
5.0
3.0
1.0
2.23606797749979
7.0710678118654755
2.23606797749979
1.0
2.23606797749979
5.0
0.0
2.0
4.0
5.0
7.0
9.0
2.0
4.0
2.0
