46.95742752749558
94.02127418834527
138.2316895650198
181.95878654244757
222.08106627986098
262.45190035509364
301.0398644698074
327.1238297648155
345.4156915949245
356.3495474951526
363.1115531073061
363.5519220138989
356.08987629529713
346.06646760412946
343.11076928595526
345.3056616969956
46.0
78.31347265956222
102.45974819410792
121.79490958164057
142.1724305201258
188.52055590836773
224.4036541591959
263.4236132164313
296.73051747334654
314.5425249469458
159.3267083699403
156.54072952429985
161.24515496597098
172.4905794529081
156.7322557739791
175.60182231400674
194.80503073586164
207.18349355100662
220.5810508633958
54.644304369257
73.87827826905551
97.0051545022222
119.20151005754919
98.41239759298622
75.59100475585703
209.82373554962746
230.20860105565126
252.04959829366916
271.9503631179778
254.46610776290032
232.55106965997814
196.69773765857096
195.94131774590065
203.15757431117353
218.6343980255623
229.40139493908924
250.53941805632104
274.10399486326355
270.69170655932555
261.4670151281037
248.2438317461282
235.44001359157284
218.89266776207924
202.24984548819808
213.37759957408838
226.92730113408567
239.0815760362977
267.0318333083155
242.86621831782205
231.00865784641059
217.4235497824465
47.16990566028302
91.52595260361949
135.60235986147143
176.3887751530692
217.90364843205356
258.0310058888272
286.574597618142
308.1768972522113
322.80024783137947
333.91765451979325
340.00147058505496
338.71079108879894
335.5607247578298
339.882332579968
349.3264948440069
90.47098982546837
120.81390648431164
139.51702405083043
151.52887513606112
164.17673403987544
205.41908382621125
241.40008285002722
279.5514263959317
309.9193443462347
323.13774152828387
169.85287751463028
157.4102919125684
152.2005256232711
153.7595525487766
130.0
149.01342221424215
169.00295855398508
184.39088914585776
200.6913052426537
76.84399781375251
96.00520819205592
115.48592987892508
130.87398519186308
110.0
89.69392398596462
216.27991122617004
237.43841306747314
258.5072532831526
276.8104044287353
258.6000773395089
237.24459951703852
156.97452022541748
160.0124995117569
170.6282508847817
187.11493793922494
200.32473636573192
222.81157959136684
246.81166909204273
239.88538930080756
228.23233776132602
213.15252754776333
198.5170017907786
180.33579788827288
163.87800340497196
178.84350701101786
194.05411616350733
208.13697413001853
239.10876186371758
212.07781590727495
198.17668884104407
182.96447742663054
44.40720662234904
88.72992730753249
130.10764773832474
172.73389939441535
214.39449619801343
245.5402207378661
270.7175650008695
289.35272592460575
305.1982961944578
317.40510392871755
322.80024783137947
326.9648299129434
338.6812660895196
355.1957206949431
136.01470508735443
164.68454693747074
179.47144619688115
185.9731163367437
192.16919628285902
227.27076362788065
262.08586379276545
298.4359227707013
325.39975414864716
333.965567087387
187.94946129212502
167.60966559241146
152.97058540778355
143.65583872575453
112.36102527122117
129.6919426949878
149.18780110987626
167.28717822953436
186.09674903124989
113.00442469213318
129.46814279968643
144.3675863897433
153.0130713370593
134.40610105199838
118.86967653695369
228.21481108815001
249.26291340670798
268.8884527085535
285.112258592997
266.7376988728815
246.6576574931336
119.10499569707393
127.39309243440164
142.08800090085018
159.11316727411344
174.82848738120455
198.11612756158948
221.90313201935658
211.0213259365034
196.73586353280888
179.7470444819608
163.1686244349691
143.33875958721003
127.67536959022284
147.27525250360293
164.04877323527901
180.0444389588304
213.67732682715777
184.04347312523745
168.07438829280326
151.33076356114773
44.553338819890925
86.55634003352961
130.3572015655445
173.5885940953495
207.52349264601347
236.51638421048128
259.37810239108467
280.1178323491741
298.573274088623
310.6959928933748
322.0093166354042
340.57745080965066
363.3730865102698
179.10890541790488
206.49697334343668
218.50858106719744
221.11083193728885
222.52415599210798
251.9206224190469
284.95087295883127
319.0799272909532
342.6499671676622
346.96541614403014
210.94312029549576
185.3024554613349
163.67040050051813
145.0
109.62207806824317
122.80065146407001
139.8177385026664
159.47727110782904
179.74426277353055
151.42654985173505
165.6804152578089
177.0706073858674
180.6792738528689
164.68454693747074
153.08167754502824
244.65894629054543
264.96792258686713
282.81619472724685
296.8113879216901
278.7418160233588
260.34592372457075
89.1403387922662
104.29285689825551
123.03251602726817
139.47401191619892
157.20368952413298
180.24982662959764
202.88173895153798
187.92019582790988
171.05846953600397
152.3975065412817
134.05968819895114
113.00442469213318
99.50376877284599
123.97580409095961
141.66156853571826
159.11002482559041
194.36563482261982
162.9846618550347
145.34441853748632
127.67536959022284
42.43819034784589
87.23531395025755
131.84839779079607
168.5734261382855
201.48697228356974
228.70942263055102
254.46610776290032
279.30807363912703
298.28342226815084
316.7412192942371
341.8830209296741
370.55229050702144
221.41589825484527
247.38633753705963
256.72748197261626
255.8378392654222
253.04940229133123
276.76163028859327
307.52235691084314
339.00589965367857
358.97910802719423
359.1127956506145
235.32530675641326
205.97572672526246
179.30142219179413
153.39491516996253
118.18629362155326
125.39936203984452
137.90576492663388
157.49285698088025
177.89041570584965
190.06577808748213
202.2992832414391
210.61101585624624
210.0
196.65197685250968
188.47015678881365
262.15453457836657
281.2561110447202
297.0151511286924
308.577380894971
291.1940933466886
274.84723029348504
68.79680225126747
90.9065454189081
112.0446339634344
126.01587201618692
144.61673485458036
165.89454481688057
186.11824198610947
167.1556161186336
148.06079832285116
128.41339493993607
109.11003620199197
88.3911760301898
79.92496481075234
107.61505470890214
124.67958934805648
142.52368224263643
177.65415840897168
145.98972566588375
127.63228431709588
110.45361017187261
45.31004303683677
90.80198235721508
129.86916493148019
166.30093204789924
197.51708786836647
227.8815481779953
258.63101128828305
283.9859151436916
309.0275068662982
340.03676271838606
373.87163572541846
259.6998267230843
284.01584462842914
290.6303494131334
286.457675756821
279.8731855680354
298.0268444284843
326.20392394942155
354.7731669672891
371.10241174101793
367.2887147735416
257.00778198334774
225.22211259110415
195.2434377898525
164.55090397806995
132.6386067478093
133.88054376943649
140.9432509913121
158.8238017426859
178.01123560045303
225.10886255321003
235.37629447333902
240.85265205099984
236.60304309116566
225.83400983908513
220.7306050369998
277.01624501101014
294.59803122220626
308.11199262605794
317.18921797564303
300.7806509734295
286.67751917442007
65.19202405202648
89.15716460273958
109.12836478203089
118.71394189394942
136.40014662748717
154.25303886795876
170.83617883809038
148.60013458944107
128.22246293064254
109.01834707974616
90.68627239003708
73.87827826905551
73.79024325749306
99.56907150315303
113.70136322841516
130.23056476879765
162.85576440519384
132.9661611087573
115.52056094046635
101.01980003939822
45.89117562233506
87.02298546935747
126.90547663517127
162.1172415260018
197.0913493789111
233.80547470065795
265.6633207652121
297.3566881709574
334.1047739856466
372.9302883918119
297.6054434986027
319.8280788173546
323.34656330321496
315.69130491668597
305.2212312405544
317.28378464711994
342.28642976314444
367.3486082728503
379.5787138394354
371.6180835212409
277.5103601669675
244.10653411983876
211.94574777522666
178.1796845883391
151.79591562357663
147.33974345029924
148.33745312630927
162.92943257741985
179.51323071016242
259.8249410660955
267.904833849634
270.38676003088614
262.54523419784255
254.5937941113255
252.67568145747623
290.0431002454635
305.6550343115585
316.53751752359466
322.8157369150395
307.7661449867415
296.3258341758275
80.2807573457052
99.24716620639605
114.28035701729323
117.6860229593982
132.19682295728592
144.46106741956464
155.59562975867928
131.01526628603247
110.9414259868693
94.82615672903758
81.27115109311545
74.16872656315464
83.48652585896721
100.84145972763385
109.20164833920778
122.00409829181969
148.71785366928881
123.5677951571525
109.41663493271945
100.44899203078147
43.41658669218482
86.81589716175259
125.93649193144932
165.3027525481654
207.7137453323684
245.81497106563708
283.79041562392484
325.7299494980466
369.0
333.3781636520305
353.2817572420065
353.65661311503845
342.6499671676622
328.5391909650963
334.46225497057213
355.92414922283655
377.1166928153672
385.06363110530185
373.04423330216486
296.66479400158016
262.54523419784255
229.40139493908924
194.36563482261982
174.4706279005151
165.41160781517118
160.85397104206038
171.1724276862369
184.06792224611002
292.8497908484826
298.7189314389029
298.30353668704635
287.20027855139693
282.0638225650358
283.17662332897464
301.66372005927394
314.9936507296615
323.03869737231173
326.39240187234753
313.01437666663173
304.4749579193665
108.00462953040486
119.86659251017358
128.4445405612866
125.60254774486066
135.09256086106296
140.1606221447379
144.2497833620557
119.36917525056458
102.42070103255493
93.00537618869137
88.07383266328314
92.13576938409967
106.6770828247567
113.6001760562016
114.9826073804208
122.00409829181969
139.21566003866087
122.10241602851272
113.53413583587978
111.57060544785082
44.654227123532216
85.70297544426332
127.5617497528158
173.64331256918592
216.1712284278368
258.80494585691366
304.5734722525913
351.17232237179513
355.6880655855633
372.6781453211336
369.52943049234926
355.0605582150741
337.37960815674677
337.0370899470858
354.6843667262486
371.8413640250369
375.63413050467074
360.01249978299364
301.9023020780067
267.88243690096596
234.7977853387889
200.0024999843752
187.25650856512306
174.45343218177166
165.0605949341029
170.66048165876012
179.27074496414633
312.5443968462721
315.9050490258109
312.4163888146715
298.1559994365366
296.0152023123137
300.29319006597535
299.4461554269816
310.31919051196303
315.5202053751867
316.07119451161634
304.50779957170226
298.8812473207377
130.43005788544295
135.07405376311175
137.05838172107534
128.89142717807107
132.60844618650805
130.23056476879765
127.0
104.47966309287182
93.40770846134703
92.59049627256569
96.67471230885562
109.12378292562992
125.60652849274993
122.80065146407001
117.72000679578642
118.33004690272035
124.25779653607253
117.00427342623003
114.94781424629178
119.6202324023825
41.86884283091664
85.14693182963201
133.75350462698165
179.6886195617296
226.0486673263083
274.8035662068453
324.0061727807049
369.48071668221064
383.109644879896
376.2472591262294
358.34341071101056
337.23137457834497
330.43607551234476
343.9026024908797
356.7408022640528
356.3495474951526
337.37960815674677
298.7189314389029
265.6332057556058
233.64930986416374
200.5617112013158
195.68597292601225
179.8777362543792
166.24379687675568
166.6043216726385
170.1763790894612
324.20055521235616
324.8538132760642
318.2106220728654
300.9601302498389
301.9751645417219
309.46728421595714
288.6693610343848
296.8164415931166
299.0401310861136
296.7642161716941
287.2368360778262
284.67525357852935
151.82226450688975
149.4824404403407
145.0
132.45754036671525
129.8345100502944
119.70797801316336
108.50345616615168
91.92388155425118
89.8276126811795
98.22932352408826
110.01818031580054
127.94530081249565
144.30869689661813
132.85330255586422
122.14745187681976
116.10340218959993
108.74741376235114
113.45483682946268
118.44407963254221
128.96898852049665
43.829214001622255
93.92017887546851
142.21462653327893
191.26160095534075
242.0743687382041
293.0682514364188
375.8257574994029
386.10361303670805
375.8257574994029
354.9380227589036
330.9289954053588
318.20905078265764
327.5881560740559
336.2870797399151
332.0993827154757
310.31919051196303
290.25850547399983
258.8010819142764
228.79029699705362
198.600100704909
201.24611797498108
183.48024416813925
166.73931749890306
162.11107303327555
160.55217220579732
329.18839590726765
327.28733553255614
317.8002517305485
298.0738163609813
302.026488904533
312.385979198811
273.27092783536267
278.7059382216317
278.11148843584294
273.2471408816568
265.7705777545739
266.1296676434253
171.05846953600397
162.9846618550347
153.2122710490253
137.88400922514546
129.65338406690356
113.07077429645558
94.847245611035
87.66413177577246
94.92101980067429
109.88175462741756
126.28935030318273
146.76852523616907
161.78998732925348
143.96180048887967
129.4488315899375
118.07201192492656
98.35141076771599
114.5294721894762
125.35549449465708
139.84276885130672
50.99019513592785
101.1236866416568
152.3285921946369
204.65825172711703
256.9708154635464
377.52086035078906
384.15751977541714
370.4375790872195
346.71602212761957
320.0390601161052
301.2806001056158
306.2041802457961
310.46094762465697
302.39874338363245
277.96582523756405
277.8506793225455
248.8875247978492
221.92341021172146
196.0637651377735
206.40009689920205
187.51533270642165
168.5852899869974
159.0125781188394
151.95394038984313
330.16965336020814
325.6316937891642
313.3368794125581
291.39835277502857
298.3571685078138
311.5124395590006
253.81095327034254
256.2225595063791
252.62026838715852
245.073458375239
239.92707225321615
243.4296612987004
191.049731745428
178.0028089666003
163.783393541592
146.98639392814562
133.9589489358587
112.64102272262978
89.5377015563835
94.33981132056604
109.16501271011697
127.76932339180638
146.5127980757995
167.72596698186004
180.62391868188442
158.01265772082945
141.1736519326464
125.89678312014172
96.16652224137046
121.92620719107111
137.13132391981054
154.00324671902212
51.24451190127583
103.94229168149026
157.17824276915684
210.3188056261256
371.80909079795236
374.1082730975085
356.62865841095834
330.0484812872194
300.8072472531205
275.40878707840824
275.0654467576762
274.2006564543564
261.9637379485947
234.95744295510198
257.87787807409927
232.81967270830015
210.6418761785035
191.36614120580475
210.00238093888365
191.0026177831079
171.0
156.54072952429985
143.56183336806478
324.5489177304401
317.04258389055565
301.7614952242913
277.80028797681257
288.0919991947017
304.1710045352778
226.14154859291116
224.8777445635739
217.8003673091485
207.27035485085656
205.0
212.17445652104308
211.8962010041709
194.28072472584614
176.30938715791623
159.45218719101973
142.70599146496969
119.36498649101419
95.90099061010788
112.16059914247963
131.51805959639154
151.21177202850313
170.48753620133056
190.9240686765291
200.81085628023203
174.72263734273244
157.00318468107582
139.46325680981354
104.34557968596465
135.5949851580065
153.44380078712857
171.1636643683466
53.16013544000805
106.60675400742676
160.0124995117569
358.0223456713282
355.95083930228344
335.0373113550191
306.1143577161973
274.93453766305896
243.41733709824368
237.80033641691932
232.0
216.11339616044165
187.17104476921637
232.43278598338918
212.3982109152523
196.36700333813724
185.1944923587092
211.00947846009194
193.13207915827965
173.65770930194836
155.7080601638849
138.10141201305655
311.8493225902535
301.53275112332324
283.6229891951638
258.28859827719845
271.67075661542964
290.25850547399983
193.70596273734063
188.60540819393276
178.10390225932727
164.76953601925328
165.55663683464942
176.40861656959956
229.49074055394914
208.54016399725018
188.27904822364064
172.7917822120022
154.35349040433132
132.4009063413087
113.22985472038724
135.83077707206124
156.348968656656
175.06855799943062
193.34942461771124
211.81595785020542
218.35979483412234
190.70920271449933
173.64331256918592
155.8717421471897
121.40016474453401
152.55163060419906
170.84788555905513
187.83237207680682
53.45091205957107
106.89246933250256
341.2477106150311
334.53998266276034
310.3353025358217
279.48524111301475
246.95141222515818
209.34660255184463
197.70938268074178
186.31693428134759
166.6043216726385
135.9154148726332
206.40009689920205
193.1657319505714
185.15398996510984
183.69812192834198
215.17667159801502
199.6246477767713
182.22239159883728
162.53307355735325
142.35870187663275
297.3213749463701
284.2534080710379
264.0
238.0021008310641
254.33245958783948
275.049086528205
161.04657711357916
151.34728276384746
136.88316185711082
120.37026210821342
125.23977004130916
140.40655255364686
248.96586111352696
225.88713996153035
204.70710783946902
191.62724232217087
173.25414857947845
154.9322432549145
141.8344104933637
166.70932787339765
186.45374761586316
203.08865059377396
219.44019686465833
235.1850335374256
238.30442715149042
210.7225664232476
195.41238445912276
178.86866690396056
148.66068747318505
176.32356620712955
193.5071058126807
208.65521800328887
53.48831648126533
331.2416036671722
319.60600745292635
292.2892403082946
260.09421369957465
227.1079038695043
183.53473785635242
164.20109622045769
144.90341610879986
119.47384651043926
86.2670273047588
190.91883092036784
186.57438194993438
187.94946129212502
196.31097778779463
231.0411218809327
218.49713956937742
204.04411287758342
184.39088914585776
164.01524319403975
290.93126335957777
275.30528509274933
253.1896522372113
227.56098083810414
246.45486402179202
268.6801071906888
140.4314779527724
125.06398362438324
105.80170130957252
85.5102333057278
97.04638066409278
117.15374513859982
276.81221071332817
252.80031645549812
231.81458107720488
221.3504009483606
204.08331631958552
189.64440408301004
181.51583952922675
206.51634317893584
224.8777445635739
239.35329536064467
253.64739304790814
266.7002062241422
266.9082239272518
240.46829312822095
227.24656213021134
212.47352776287215
187.0320828093405
210.63950246807934
226.11943746613204
239.14012628582432
326.5455557805067
310.0403199585499
280.17494534665303
247.64894508154077
215.6687274502263
167.90473489452285
140.28898745090436
111.15754585272202
78.10889834071403
43.41658669218482
186.62529303392935
191.9505144562004
202.27703774773843
218.82641522448793
254.61539623518448
245.17748673155128
233.80547470065795
215.17667159801502
195.88772294352702
291.1391419922783
273.4410356914265
250.28383887099062
226.29405648403582
246.89471440271862
269.7146640433182
135.50645741070792
115.55085460523432
93.62157870918435
73.35529974037323
91.0659101969557
112.8716084761797
309.118100408242
284.9438541186667
264.7508262498911
256.7041098229633
240.87548650703334
229.804264538324
225.39964507514205
249.85195616604645
266.7901797293146
279.30807363912703
291.6779045454078
302.27470949452584
300.08165555395084
275.26351011349107
264.06817301598466
251.08564275959708
229.85647695899283
249.83994876720575
263.5773131360133
274.5632896073326
32.7566787083184
60.74537019394976
86.45229898620394
113.37107214805724
162.01234520862909
196.42046736529267
235.1935373261774
270.4533231446787
292.0975864330276
140.9432509913121
148.08443537387717
162.09873534361705
181.8378398463862
174.77127910500627
192.35384061671346
209.8118204487059
218.6343980255623
228.56946427727394
47.43416490252569
57.0087712549569
78.08969202141856
103.9471019317037
87.0
67.89698078707183
192.4421991144354
211.2439348241743
233.085821104588
253.9310930154084
237.6404847663798
215.93517545782115
226.2785893539201
221.29844102478444
224.66196829904254
238.55607307297797
246.4163143949686
265.51459470243816
288.01562457616774
288.4614358974177
282.11522468665174
271.26555254952666
260.83711392361323
246.56439321199645
230.1238796822268
236.68122020980033
248.04031930313266
257.78285435614214
281.78360491696463
261.29676614914314
251.9622987670973
240.52650581588716
32.202484376209235
63.15853069855251
94.37160589923221
142.6218777046495
174.95713760804387
212.8966885604377
249.14654322305978
273.3093485411723
129.0968628588627
143.56183336806478
163.62457028209425
188.43035848822237
187.4459922217597
203.60009823180343
219.3855054464629
225.53935355055003
232.81967270830015
60.440052945046304
58.83026432033091
72.53275122315436
97.67292357659824
86.16263691415206
73.81734213584231
179.2344832893492
196.32880583347927
217.70163067832084
238.8723508487326
223.75432956704995
202.6746160721663
245.3507693079441
237.60471375795558
238.29813259864207
250.83859352181037
256.55019002136794
273.8923146055763
295.296461204668
298.44429966075745
294.20061182805176
285.156097602699
276.52305509667724
264.02462006411446
247.97580527140144
251.3105648396024
260.969346858975
268.8810145770802
289.74644087546613
272.1488563268271
264.7149410214694
254.95097567963924
32.55764119219941
65.27633568147036
112.29425630903836
143.54441821262157
181.13530854032848
217.5890622251036
242.5633937757303
103.9471019317037
123.8587905640936
148.51935900750448
177.2596964907703
182.33211456021672
196.596032513375
210.35446275275456
213.80598681982693
218.4902743830947
67.08203932499369
55.46169849544819
58.137767414994535
79.17701686727027
74.27651041883968
70.71067811865476
152.0131573252789
167.86303941010956
188.79883474216678
210.01190442448734
195.65530915362353
175.13994404475525
245.93495074917675
235.2041666297602
233.02574965011914
243.95286429964293
247.41261083461367
262.8003044138267
282.90811229089917
288.61739379323626
286.5257405539684
279.45840477609545
272.8552729928451
262.48809496813374
247.1214276423637
246.86838598735156
254.5937941113255
260.5263902179585
278.0647406630334
263.50332066218823
258.10269274069964
250.23389059038345
33.0
79.81227975693966
111.8257573191436
149.96666296213968
186.04569331215382
210.2974084481309
73.76313442364011
97.94386147176351
126.15070352558483
157.8131806916013
168.5852899869974
180.64883060789515
192.20041623263984
193.1035991378721
195.41238445912276
74.72616676907762
56.568542494923804
45.60701700396552
57.38466694161429
61.09828148156051
68.0294054067798
120.06664815842908
135.44740676735012
156.28499608087785
177.49647883831386
163.3064603743526
143.0034964607509
236.37258724310652
222.9102958591191
218.01146758828995
227.24656213021134
228.58040160958683
242.03305559365234
260.82369524259104
268.71546289709494
268.57587382339466
263.40273347101015
258.7856255668
250.59928172283335
236.12920192132103
232.42202993692314
238.21418933388497
242.24367896810023
256.632032295269
244.92039523077696
241.4560001325293
235.47611343828487
48.75448697299562
83.23460818673925
122.20065466273084
157.09869509324386
179.38784797192923
42.941821107167776
72.13875518748573
103.60019305001319
137.59360450253493
154.38264151127873
163.68567438844488
172.5688268488837
170.6985647274165
170.42593699317015
89.40357934669059
69.40461079784254
48.75448697299562
43.289721643826724
58.05170109479997
74.73285756613352
87.09190547921202
102.59142264341595
123.62847568420473
144.83784035948617
130.38404810405297
110.00454536063498
225.0
208.92582415776178
201.24611797498108
208.54256160314134
207.62466134830902
218.908656749796
236.19060099843094
246.22144504490262
248.07257002740147
244.8999795835026
242.39018131929353
236.57768280207665
223.27113561766106
216.01157376399996
219.69296757065302
221.68671588527806
232.69078194032525
224.0200883849482
222.61176967986216
218.69156362329116
36.124783736376884
74.96665925596525
108.72442227944924
130.74020039758238
41.43669871020132
73.24616030891995
105.54619841567009
140.24621207005913
166.24379687675568
170.31735084835015
173.761330565808
166.388100536066
160.262285020525
134.3800580443393
114.69088891450794
91.92388155425118
74.94664769020693
95.44108130150245
116.3872845288522
49.73932046178355
58.855755878248644
78.00640999302557
99.02019995940222
86.70063436907483
68.96375859826666
237.76038357977134
218.2131985009156
206.196508214858
209.68786326347075
204.46271053666484
210.77476129745705
224.10042391749283
238.549785160247
244.3951718017359
245.12241839538055
246.45486402179202
244.80604567698077
233.80547470065795
220.9660607423683
220.7351353998724
218.76928486421488
222.28360263411244
220.33610689126738
222.94618184665106
222.89235069871734
39.05124837953327
74.24284477308234
100.0199980003999
74.32361670424818
101.6070863670443
131.13733259449805
164.1097193952875
193.58202395883765
195.04102132628407
195.47889911701466
185.15398996510984
175.5135322418189
170.41420128616042
150.65523555456014
128.00390619039717
110.67971810589327
131.40015220691336
152.50245899656832
55.362442142665635
50.24937810560445
60.8276253029822
79.05694150420949
72.71863585079137
63.0317380372777
264.04734423962685
243.10080213771406
229.0589443789524
230.32585612562042
222.64770378335368
225.55043781824057
235.73289969794203
252.93675098727746
261.29676614914314
264.43902888945877
268.00186566514793
268.6726632912251
259.04825805243314
243.50154003619772
241.04978738841484
236.7298037848213
235.17015116719213
237.77510382712484
242.79209212822397
244.9693858423946
37.107950630558946
68.18357573492314
110.6752004741803
133.8992158304148
160.099968769516
190.51771571168914
222.59604668547013
221.53103620034824
219.0821763631172
206.196508214858
193.49418595916518
209.34660255184463
189.63649437806004
166.88319268278636
148.67750334196495
169.64963896218583
191.10729970359583
77.78174593052023
62.12889826803627
58.180752831155424
67.26812023536856
70.66116330771806
72.99315036357864
291.1116624252625
268.9851297005097
253.12645061312736
252.1606630701942
242.19207253748004
241.61539686038222
248.3646512690564
268.0335799857921
278.8207309365643
284.3817856333278
290.17236257093816
293.20641193534635
285.0982286861846
267.01685340067957
262.37377917772193
255.76551761330143
249.09837414162303
256.2654873368632
263.6152499382386
268.00186566514793
34.92849839314596
140.07141035914503
158.15182578775372
180.02499826412998
206.8912757948
241.0186714758838
237.24459951703852
231.8361490363399
216.6887168266959
201.357890334598
242.24987100099764
222.86543024883872
199.75234666956982
179.62739212046696
200.86313748420838
222.9910312097776
98.00510190801293
77.87810988975015
63.150613615387776
59.682493245507096
72.11102550927978
84.48076704197234
306.3413129174712
283.21370023358685
265.6689669494727
262.39283526803854
250.28783430282823
246.24581214713075
249.46743274423616
271.15493725912495
284.17600180170035
292.1095684841563
300.1283058959951
305.6354037084055
299.2824752637548
278.7418160233588
271.89152248645047
263.0684321616716
251.45377308761942
263.00760445279906
272.5949375905576
279.20243551946317
155.3319027115808
166.90116836020053
183.34939323597447
205.71825392998065
241.11822826157297
234.65080438813757
226.43321311150447
209.4803093371785
192.1067411623028
259.9249891795708
241.29857024027308
217.97476918212345
195.5556186868585
216.6887168266959
239.38462774372127
106.88779163215975
85.70297544426332
65.11528238439882
50.53711507397311
68.26419266350405
87.32124598286491
302.1009764962702
278.29840100151495
259.3838853899756
253.9488137400921
240.06665740997852
232.94849216082082
233.01931250435015
256.09568524284043
270.89481353470023
280.8629559055448
290.84188144075813
298.63857754817946
294.0918223956593
271.4498111990502
262.6118809193522
251.88290930509754
236.05296015936761
251.3105648396024
262.8003044138267
271.4000736919576
34.17601498127012
67.4166151627327
102.52804494381037
125.89678312014172
131.47243057006287
137.08391590555036
132.4009063413087
129.8345100502944
104.80935072788114
86.81589716175259
63.694583757176716
40.22437072223753
61.40032573203501
84.0535543567314
51.54609587543949
71.11258679024411
93.03762679690406
113.46365056704283
96.76776322722355
75.0
197.58795509848267
178.86866690396056
168.23792675850473
173.32628190785147
170.1763790894612
179.4017837146554
195.41238445912276
207.03864373589778
210.61813787041228
209.3895890439637
209.06697491473875
205.91503102007877
194.18032856085088
183.09833423600554
184.4911922016875
184.44782460088814
192.43960091415696
186.43229333996834
187.040102651811
185.32673849177834
33.24154027718932
68.35202996254024
93.04837451562494
97.51410154434076
102.95630140987001
99.04544411531506
98.35141076771599
104.92378186092989
91.08786966440702
71.449282711585
45.89117562233506
61.204574992397426
82.56512580987206
60.60528029800704
81.68843247363729
101.82337649086284
119.47384651043926
101.21264743103995
80.05623023850174
164.51443705644803
145.16886718577092
134.1044369139217
139.20488497175666
136.5283853270081
146.8638825579659
164.10362579784763
174.28998823799375
177.0197729068705
175.32826355154492
174.89711261195822
172.02616080119907
160.65490966665163
148.95972610071487
150.3761949245957
150.74813431681335
160.55217220579732
152.85614151874958
152.97058540778355
151.16216457830973
35.11409973215888
62.64982043070834
64.77653896280658
69.77822009767804
67.26812023536856
69.9714227381436
115.52488909321661
106.48004507887852
91.706052144883
69.63476143421474
77.4919350642375
94.2019108086455
82.86132994346639
102.15674231297707
119.20151005754919
133.4053971921676
115.20850663036997
96.74709297958259
133.00375934536586
112.75194011634566
100.96038827183659
106.02358228243375
104.04326023342406
115.97413504743201
134.80726983364065
142.9475428260311
144.51643505151932
142.21462653327893
141.6756859873987
139.26234236145822
128.47178678604885
115.80155439371269
117.2006825918689
118.15244390193544
130.4837154590564
120.43255373859678
119.85407794480753
117.95338062132852
35.805027579936315
31.064449134018133
34.9857113690718
37.12142238654117
48.093658625644196
134.40610105199838
129.71121771072848
119.20151005754919
100.44899203078147
103.46980235798269
115.45128842936315
112.75194011634566
130.04999038831184
144.22205101855957
155.18376203714098
137.88400922514546
122.41323457861898
100.60318086422517
79.00632886041473
65.96969000988257
71.11961754677819
70.76722405181653
85.70297544426332
106.89246933250256
111.39569111954016
110.8873302050329
107.42439201596628
106.56922632730333
104.80935072788114
95.00526301210897
80.77747210701756
82.29823813423954
84.50443775329198
101.35580891098448
87.11486669908874
85.0881895447306
82.86132994346639
19.1049731745428
39.01281840626232
55.31726674375732
73.7360156233031
128.70508925446578
129.4488315899375
125.2078272313676
112.72976536833562
108.81176406988355
113.95174417269794
145.04137340772803
163.5145253486674
178.84630272946657
190.58856209122308
173.07223925286226
156.7322557739791
71.7007670809734
54.62600113499065
50.93132631298737
63.812224534175265
72.73238618387272
93.94147114027967
117.71151175649729
114.38968484964018
107.37783756436893
97.74456506629922
90.60353193998566
82.34682750416071
68.96375859826666
64.53681120105021
73.60027173862879
83.19254774317228
110.42191811411355
86.81589716175259
77.42092740338364
67.94115100585212
20.024984394500787
37.69615364994153
57.30619512757761
145.7737973711325
145.08618128546908
138.77319625922004
123.71337841963576
122.42957159118053
129.80754985747168
143.78456106272327
160.822883943797
174.3244102241565
184.23083346714796
167.37084572887835
152.80052355931247
69.58448102845921
48.093658625644196
37.589892258425
47.4236228055175
54.230987451824994
74.95331880577403
98.65596788841515
96.17692030835673
90.60353193998566
82.97590011563598
78.71467461661771
74.52516353554684
64.00781202322104
52.32590180780452
58.0
65.5133574166368
91.44397191723465
68.96375859826666
61.5223536610881
55.072679252057455
19.849433241279208
40.36087214122113
162.7912774076056
160.58953888718904
152.22680447279973
134.82581355215328
136.12494260788506
145.64683312726027
142.08800090085018
157.31814898478814
168.68906307167634
176.52761823578768
160.5615146914104
148.0979405663698
75.76938695805846
51.86520991955976
34.058772731852805
36.24913792078372
37.20215047547655
55.97320787662612
79.30952023559341
79.07591289387686
76.4198926981712
72.47068372797375
72.78049189171504
74.16872656315464
67.72001181334805
48.093658625644196
47.4236228055175
50.20956084253277
72.42237223399962
53.150729063673246
50.11985634456667
49.49747468305833
20.518284528683193
171.2337583538947
166.83225107874077
155.90060936378666
136.02940858505562
140.356688476182
152.5417975507041
130.54118124178285
144.08677940741129
153.73353570382747
160.099968769516
144.83784035948617
134.03357788255897
93.94147114027967
69.77105417004964
49.9799959983992
46.0
38.07886552931954
49.040799340956916
69.77105417004964
75.69015788066504
78.29431652425353
79.30952023559341
84.00595217006948
89.26925562588724
85.0881895447306
62.16912416947821
56.22277118748239
52.392747589718944
64.35060217278468
54.120236510939236
57.706152185014034
62.51399843235114
181.2015452472743
174.7512517837855
161.47445618425226
139.51702405083043
146.74126890551273
161.27616066858735
120.20815280171308
131.52946437965906
139.0
143.54441821262157
129.24782396620841
120.59850745345068
113.53413583587978
89.35882720806042
68.8839603971781
61.84658438426491
49.0
50.53711507397311
65.76473218982953
78.29431652425353
85.86617494683223
91.08786966440702
98.99494936611666
106.89246933250256
104.23531071570709
79.71198153351854
70.71067811865476
62.289646009589745
62.625873247404705
62.80127387243033
71.25307010929424
79.40403012442127
20.0
42.5205832509386
64.8459713474939
44.598206241955516
22.360679774997898
155.64061166674975
175.82377541163197
197.70938268074178
217.8095498365487
200.53179299053804
178.60011198204776
184.91078930121952
177.51901306620653
179.20100446147057
192.4811679100062
199.60210419732553
218.33002542023394
240.69275020241054
241.66091947189145
236.02754076590298
226.01991062736045
216.6702563805194
203.7253052519495
187.608635195718
191.80198122021577
202.27209397245088
211.28653530218153
234.54637068179076
214.72307747422028
206.11889772653063
195.5326059765992
23.323807579381203
47.80167361086848
30.01666203960727
15.620499351813308
138.15932831336434
157.91770008456936
179.84715733088473
200.24235316236172
183.29484444468153
161.40012391568973
190.829767070025
181.04419349981927
180.38015411901608
192.43960091415696
197.77006851391846
215.08137994721903
236.60304309116566
239.63305281200255
235.6713813766958
227.16733920174352
219.36727194365162
208.0384579831335
192.40841977418765
193.75241933973368
202.72641663088706
210.20466217474817
230.97185975785015
213.43383049554257
206.4097865896867
197.28405916343064
26.019223662515376
16.401219466856727
26.0
115.16944039110375
134.73678042761748
156.66843970627906
177.15812146215595
160.3652081967906
138.51353724455961
191.41577782408638
178.932948335403
175.54771431152272
186.03494295427404
189.274932307477
204.83163818121457
225.257630281418
230.51247254758255
228.44911906155383
221.73181999884454
215.8008341040414
206.49455198624491
191.637678967368
189.62067397834025
196.7587355112855
202.41047403728888
220.22715545545242
205.37283169883986
200.21238722916223
192.87560758167425
21.2602916254693
43.829214001622255
90.80198235721508
111.01801655587259
132.8834075421006
152.97058540778355
135.77186748365804
113.84638773364749
182.4636950190366
167.3439571660716
161.22654868228122
170.0
171.21331723905124
185.04323819042943
204.40156555173445
211.52068456772733
211.19185590358356
206.22802913280242
202.20039564748632
195.0717816599828
181.24017214734707
175.78680269007683
181.01104938649465
184.85940603604675
199.90247622278218
187.5446613476374
184.20097719610501
178.71765441612084
22.825424421026653
111.4136436887332
131.88252348207476
153.68148880070103
173.5396208362805
156.1089363233252
134.18271125595876
175.37673733993344
162.60381299342276
159.15401345866212
169.72919607421701
173.23394586512194
189.16923639957952
209.91426821443082
214.61826576505553
212.24985276791125
205.37283169883986
199.40160480798542
190.19200824430033
175.41949720598336
173.21951391226105
180.42449944505873
186.27130750601393
204.70710783946902
189.274932307477
183.89671013914307
176.47662734764623
134.23859355639868
154.69324484281788
176.50212463310464
196.3593644316461
178.89941307897016
156.97770542341354
175.32826355154492
165.42369842317032
164.87874332369228
177.1016657177453
182.7812900709479
200.47942537826668
222.28135324403618
224.72205054244233
220.41097976280582
211.69081227110448
203.7694775966214
192.4266093865399
176.81911661356077
178.19090885900997
187.32325002519042
195.0640920313116
216.48094604375694
198.33809518093088
191.03141102970474
181.738823590338
21.213203435596427
42.43819034784589
62.16912416947821
45.221676218380054
23.53720459187964
213.3541656495134
191.3765920900464
176.02556632489498
176.13914953808538
167.69317219254933
170.18813119603846
180.6792738528689
197.5854245636555
206.0412580043133
209.65924735150605
214.03270778084362
216.0
207.4728897952694
190.16834647227702
186.6815470259447
181.6865432551349
179.9222054111165
182.6307750626931
188.2471779336944
191.3765920900464
21.93171219946131
42.720018726587654
28.0178514522438
12.806248474865697
230.32585612562042
207.76188293332345
191.3765920900464
190.06577808748213
180.1138528820035
180.20543831971332
188.32153355365392
207.0024154448445
217.1013588165675
222.29934772733816
228.07893370497854
231.48650068632512
223.8861317723811
205.11947737842937
200.24984394500785
193.75241933973368
188.4728097100481
194.32961688841976
201.48697228356974
206.0218435020908
21.213203435596427
12.806248474865697
22.47220505424423
243.26323191144198
220.0772591614136
202.54382241875462
199.56452590578317
188.0
185.43192821086663
190.87692369692047
211.26523613694707
223.0874268084152
230.0347799790284
237.41314201197878
242.53865671269807
236.13978910806202
215.6965461012299
209.2390976849212
201.08953229842672
192.00260414900626
201.2486024796197
210.08569680013915
216.22673285234646
18.384776310850235
39.66106403010388
252.03372790164414
228.35936591258962
209.80467106334882
205.1828452868319
192.15098230297966
187.0106948813356
189.7893569197177
211.6057655169159
225.00222221124838
233.6193485137736
242.53865671269807
249.3692041933005
244.24577785501228
222.24535990656813
214.2545215392198
204.55072720476943
191.84629264074925
204.29635336931494
214.70444802099468
222.39604313026794
21.93171219946131
235.72229423624742
212.24985276791125
194.164878389476
190.3943276465977
178.1796845883391
174.6453549339346
179.2930561957155
200.11246837716035
212.46176126540982
220.03636063160107
228.06358762415363
233.98504225697846
228.23233776132602
206.9806754264755
199.81241202688085
191.01047091717248
180.6792738528689
191.01047091717248
200.48940121612415
207.3306537876153
222.03152929257593
199.1004771465905
182.10161998181127
180.02499826412998
169.42549985170473
168.67127793433
176.17321022221284
195.24855953373896
205.8275977608445
211.6057655169159
218.00917411888886
222.19360926903366
215.20455385516357
195.57607215607945
190.01052602421794
182.8879438344693
176.52761823578768
183.3248482884958
191.09421759959145
196.30843079195554
24.186773244895647
45.0
57.48912940721924
76.05918747922567
97.09788875150684
117.63077828527702
100.0
82.20097323024831
63.28506932918696
45.0111097397076
24.331050121192877
11.180339887498949
38.8329756778952
55.94640292279746
73.824115301167
109.12378292562992
77.3692445355388
59.033888572581766
41.677331968349414
21.213203435596427
35.77708763999664
54.20332093147061
76.55716818169282
98.67117106835208
84.29116205154607
69.35416353759881
53.16013544000805
39.66106403010388
27.730849247724095
16.1245154965971
20.024984394500787
37.48332962798263
54.817880294662984
90.13878188659973
58.69412236331676
41.30375285612676
24.0
17.029386365926403
34.17601498127012
57.28001396647874
80.4114419718985
69.46221994724903
58.309518948453004
46.861498055439924
41.14608122288197
40.11234224026316
35.35533905932738
14.866068747318506
23.769728648009426
38.01315561749642
72.00694410957877
42.01190307520001
27.85677655436824
17.4928556845359
18.601075237738275
40.85339643163099
63.56099432828282
52.773099207835045
43.56604182158393
36.359317925395686
38.01315561749642
45.617978911828175
46.69047011971501
19.209372712298546
11.180339887498949
21.095023109728988
55.10898293381942
25.079872407968907
14.212670403551895
17.88854381999832
23.345235059857504
47.095647357266465
42.05948168962618
40.496913462633174
42.190046219457976
50.96076922496363
62.68173577685928
65.19202405202648
37.48332962798263
23.259406699226016
14.317821063276353
39.0
16.401219466856727
22.80350850198276
35.4682957019364
24.020824298928627
27.784887978899608
38.01315561749642
49.76946855251722
64.63745044476924
80.62257748298549
85.98255637046388
58.309518948453004
41.400483088968905
24.041630560342615
16.492422502470642
21.400934559032695
38.948684188300895
55.47071299343465
25.079872407968907
44.654227123532216
62.24146527838174
80.15609770940699
98.73702446397704
106.45186705737011
79.47955712005447
61.84658438426491
44.01136216933077
8.54400374531753
40.311288741492746
58.60034129593445
76.15773105863909
20.518284528683193
39.66106403010388
58.66856057549052
78.79086241436883
89.02246907382428
64.28063471995279
47.01063709417264
31.78049716414141
20.09975124224178
27.892651361962706
43.04648650006177
60.40695324215582
19.697715603592208
39.0
59.77457653551382
71.56814934033156
49.64876634922564
34.539832078341085
26.40075756488817
38.01315561749642
24.186773244895647
30.463092423455635
45.5411901469428
19.313207915827967
40.26164427839479
53.009433122794285
34.88552708502482
25.238858928247925
29.068883707497267
54.67174773134658
29.614185789921695
22.360679774997898
30.886890422961002
21.213203435596427
35.510561809129406
26.419689627245813
28.284271247461902
41.182520563948
72.18032973047436
43.266615305567875
28.160255680657446
23.769728648009426
16.64331697709324
27.202941017470888
39.824615503479755
56.586217403180434
90.44335243676011
59.54829972383762
41.72529209005013
27.730849247724095
27.80287754891569
44.77722635447622
62.64982043070834
97.94386147176351
66.18912297349165
47.853944456021594
30.528675044947494
17.72004514666935
35.4682957019364
70.9365914038728
39.21734310225516
21.37755832643195
4.123105625617661
17.88854381999832
53.31041174104736
21.540659228538015
4.123105625617661
14.317821063276353
35.4682957019364
4.0
15.0
32.202484376209235
31.78049716414141
50.08991914547278
67.62396025078685
18.35755975068582
35.84689665786984
17.72004514666935
